0.	0.04184132598232651	0.08368265196465302	0.1255239779469795	0.16736530392930604	0.20920662991163252	0.251047955893959	0.2928892818762855	0.3347306078586121	0.37657193384093857	0.41841325982326505	0.4602545858055916	0.502095911787918	0.5439372377702445	0.585778563752571	0.6276198897348976	0.6694612157172242	0.7113025416995505	0.7531438676818771	0.7949851936642036	0.8368265196465301	0.8786678456288566	0.9205091716111832	0.9623504975935095	1.004191823575836	1.0460331495581627	1.087874475540489	1.1297158015228155	1.171557127505142	1.2133984534874687	1.2552397794697951	1.2970811054521216	1.3389224314344483	1.3807637574167748	1.422605083399101	1.4644464093814278	1.5062877353637543	1.5481290613460807	1.5899703873284072	1.6318117133107337	1.6736530392930602	1.7154943652753867	1.7573356912577132	1.7991770172400399	1.8410183432223663	1.8828596692046926	1.924700995187019	1.9665423211693458	2.008383647151672	2.0502249731339988	2.0920662991163255	2.1339076250986517	2.175748951080978	2.2175902770633047	2.2594316030456314	2.3012729290279577	2.343114255010284	2.384955580992611	2.4267969069749373	2.4686382329572636	2.5104795589395903	2.552320884921917	2.594162210904243	2.63600353688657
0.04184132598232651	0.06503367151944767	0.09888264516573561	0.13607846323365855	0.1753539279286903	0.21561783256518985	0.25639831222008136	0.29747883701026656	0.33874832300202307	0.38014430457249826	0.4216290536511789	0.46317846534933216	0.5047764279267618	0.5464117671492574	0.5880764911685274	0.6297647336988215	0.6714720918123476	0.7131951966390608	0.7549314267504273	0.7966787118304762	0.8384353951207566	0.8802001350943324	0.9219718339025708	0.9637495844612233	1.0055326307480532	1.047320337618074	1.0891121675772497	1.130907662712721	1.1727064304917774	1.2145081324966476	1.2563124754106876	1.298119203748001	1.3399280939454048	1.3817389495279568	1.4235515971271648	1.4653658831814418	1.5071816711862207	1.5489988393898062	1.5908172788528772	1.632636891806417	1.6744575902558532	1.716279294789408	1.7581019335566175	1.7999254413893468	1.8417497590426215	1.883574832536658	1.9254006125846932	1.9672270540938335	2.009054115728287	2.05088175952606	2.092709950561644	2.1345386566483753	2.176367848075131	2.2181974973728242	2.2600275791068465	2.301858069692142	2.3436889472280926	2.385520191350783	2.4273517831005464	2.4691837048029726	2.5110159399618195	2.5528484731624568	2.5946812899846425	2.6365143769236212
0.08368265196465302	0.09888264516573561	0.13006734303889533	0.16313633483381673	0.19776529033147128	0.2342312117084023	0.2721569264673171	0.3110900860802102	0.3507078558573806	0.3908013969386206	0.4312356651303797	0.47192112800918046	0.5127966244401628	0.5538191517253241	0.5949576740205332	0.636189266643256	0.6774966460040462	0.7188665437010009	0.7602886091449965	0.8017546518419263	0.8432581073023578	0.8847936534919969	0.9263569306986643	0.9679443337693049	1.0095528558535236	1.0511799693755626	1.0928235342985149	1.1344817266587557	1.176152982337055	1.217835952410524	1.259529467397643	1.301232508397941	1.3429441836246951	1.3846637091912095	1.4263903932781217	1.4681236230077677	1.5098628535008547	1.5516075987037308	1.5933574236609525	1.635111937974362	1.6768707902415132	1.718633663306588	1.7604002701886647	1.8021703505772733	1.8439436678051415	1.885720006224037	1.9274991689224465	1.9692809757342635	2.0110652614961064	2.052851874517791	2.094640675236148	2.1364315350270733	2.1782243351544994	2.220018965838265	2.2618153254254425	2.3036133196520097	2.3454128609835547	2.3872138680253308	2.429016264993295	2.470819981238899	2.5126249508213743	2.554431112122055	2.5962384074960014	2.638046782956786
0.1255239779469795	0.13607846323365855	0.16313633483381673	0.19510101455834303	0.22796550601490786	0.2617100955326367	0.2966479354972068	0.3328336831029921	0.37010312364040415	0.40823538970097567	0.44703468190728335	0.48634826591922997	0.5260617837860708	0.5660902603305201	0.6063701743595309	0.6468534976955697	0.6875034328768435	0.7282914053566119	0.7691949366602442	0.8101961273400295	0.8512805623198608	0.8924365110307999	0.9336543354882897	0.9749260468097939	1.0162449690060698	1.0576054812410707	1.0990028181661144	1.1404329137174947	1.1818922777889747	1.2233778980200234	1.2648871609535366	1.3064177882644685	1.347967784812963	1.3895353960479966	1.4311190728600436	1.4727174424094556	1.5143292837802855	1.555953507554986	1.5975891385937584	1.6392353014477725	1.6808912079485905	1.7225561466046684	1.7642294735055828	1.8059106044899111	1.8475990083767855	1.8892942010964646	1.930995740583746	1.9727032223210827	2.0144162754370427	2.056134559281079	2.0978577604081576	2.139585589917182	2.181317781095744	2.2230540873308535	2.264794280251282	2.30653814807211	2.348285494116274	2.390036135491428	2.431789901903426	2.4735466345902317	2.5153061853622694	2.557068415736997	2.5988331961570936	2.640600405282997
0.16736530392930604	0.1753539279286903	0.19776529033147128	0.22796550601490786	0.26013468607779067	0.29290756372722326	0.32627266966763346	0.3604336090991449	0.39553058066294244	0.4315696525167376	0.4684624234168046	0.5060848724665302	0.5443138529346342	0.5830418673744576	0.6221801721604204	0.6616572070015964	0.7014157117147612	0.7414098553673548	0.7816027938772412	0.8219647173903969	0.8624713302607594	0.9031026798788291	0.9438422560183609	0.9846762964457983	1.0255932488803257	1.066583351476042	1.1076383034506483	1.148751004634762	1.1899153480410665	1.2311260534950765	1.272378533286512	1.313668782964052	1.3549932920080925	1.3963489703232674	1.4377330874020018	1.4791432216999043	1.520577218289993	1.5620331532668148	1.6035093036838526	1.645004122050476	1.6865162146047157	1.7280443227277045	1.7695873069839938	1.8111441333661402	1.8527138613973286	1.8942956338064028	1.9358886675386098	1.977492245905157	2.0191057117070472	2.0607284611952577	2.102359938751125	2.1439996321888577	2.1856470685970297	2.227301810648369	2.2689634533175114	2.3106316209551228	2.35230596467411	2.3939861600097743	2.4356719048210485	2.4773629174043394	2.519058934795286	2.5607597112369733	2.6024650167958825	2.6441746361092306
0.20920662991163252	0.21561783256518985	0.2342312117084023	0.2617100955326367	0.29290756372722326	0.3251683575972383	0.35788887330146957	0.391053607607933	0.42478845568250323	0.45922007387065805	0.49441322582867786	0.5303623463440365	0.5670131997240125	0.6042887420851258	0.6421073164662359	0.6803923161682928	0.7190760819018828	0.758100685251866	0.7974172912086799	0.8369850057174281	0.8767696396434513	0.9167425703919314	0.9568797612064286	0.9971609439110348	1.037568949286642	1.0780891628259495	1.118709083694769	1.1594179672799234	1.2002065348939597	1.2410667372658644	1.281991561100407	1.3229748701815272	1.3640112742609851	1.4050960203757585	1.446224902343149	1.4873941850513335	1.5286005408454892	1.5698409958462631	1.6111128844602889	1.652413810676858	1.6937416150101163	1.7350943461574155	1.7764702366133778	1.8178676816148247	1.8592852209010609	1.9007215228624912	1.9421753707224745	1.9836456504560078	2.025131340196936	2.0666315009248986	2.108145268255894	2.149671845187383	2.191210495671309	2.2327605389072214	2.2743213442633463	2.3158923267466616	2.357472942954139	2.399062687446691	2.440661089495337	2.4822677101558304	2.523882139633809	2.5655039949073815	2.6071329175783466	2.6487685719268343
0.251047955893959	0.25639831222008136	0.2721569264673171	0.2966479354972068	0.32627266966763346	0.35788887330146957	0.390202029116686	0.4228884210622402	0.45593101202981573	0.48940900450145025	0.5234201910652734	0.5580384842663727	0.5932958709944136	0.6291842677571928	0.6656673662059842	0.702693635125207	0.7402062472808083	0.778149248027538	0.8164707794019513	0.8551244062742669	0.8940693638145667	0.9332702582406307	0.9726965318384599	1.0123218604724629	1.0521235675721416	1.0920820917716714	1.1321805206610402	1.172404190815862	1.2127403487190618	1.2531778651563035	1.2937069953911393	1.334319177957684	1.375006865753687	1.4157633840275412	1.4565828107132237	1.4974598753303587	1.5383898733204884	1.5793685932393657	1.620392254680059	1.6614574551759724	1.7025611246397216	1.7437004861447347	1.7848730220615998	1.8260764447290039	1.8673086709765794	1.9085677999297679	1.9498520936195878	1.9911599599966676	2.0324899380121395	2.0738406844803756	2.1152109624821414	2.1565996311030022	2.198005636332229	2.2394280029728586	2.28086582743499	2.3223182713024126	2.3637845555779493	2.405263955525779	2.4467557960400472	2.488259447478397	2.529774321907073	2.571299869711104	2.612835576528937	2.6543809604759905
0.2928892818762855	0.29747883701026656	0.3110900860802102	0.3328336831029921	0.3604336090991449	0.391053607607933	0.4228884210622402	0.4552357006361336	0.487897981929976	0.520858491465787	0.5541684332807346	0.5879005612257996	0.6221214442379559	0.6568752445373334	0.6921785161601492	0.7280231891208808	0.7643834049669821	0.8012227257259439	0.8384999544355056	0.8761731405294777	0.9142020087665399	0.95254924263561	0.9911810212734332	1.0300671091043327	1.0691806993130468	1.1084981371147042	1.1479985974458795	1.1876637588779988	1.227477495500832	1.267425596720052	1.3074955182258887	1.347676163784724	1.3879576957099622	1.4283313711075574	1.4687894008018143	1.5093248279563292	1.5499314236563113	1.5906035970239178	1.6313363177498814	1.6721250492184767	1.7129656906678559	1.7538545270606087	1.7947881855405696	1.835763597523827	1.8767779656178454	1.9178287346859038	1.9589135664780157	2.000030317336956	2.041177018561615	2.0823518590718666	2.123553170071272	2.164779411447948	2.2060291596910826	2.2473010971319822	2.288594002345181	2.329906741567752	2.3712382610141614	2.412587579980465	2.4539537846455737	2.4953360224893957	2.5367334972578615	2.57814546441376	2.619571227019869	2.6610101320074873
0.3347306078586121	0.33874832300202307	0.3507078558573806	0.37010312364040415	0.39553058066294244	0.42478845568250323	0.45593101202981573	0.487897981929976	0.5202693721555813	0.5529136608844517	0.5858151274544465	0.6190077003068534	0.6525453393352668	0.6864836055678113	0.7208672181982899	0.7557234939312426	0.7910611613258849	0.8268728590570621	0.8631393050334752	0.8998336005069838	0.9369248468336092	0.9743808174600995	1.0121697449330604	1.050261406404259	1.0886277058692684	1.12724292030166	1.1660837347489152	1.2051291534208883	1.2443603443208409	1.2837604539102032	1.3233144140031927	1.3630087537269606	1.4028314234295225	1.4427716337346237	1.4828197107347096	1.5229669670443602	1.5632055877544824	1.603528530004507	1.6439294347807938	1.6844025495631731	1.7249426605215188	1.7655450330759936	1.8062053597576582	1.8469197144286364	1.8876845120367218	1.9284964731849885	1.9693525928915967	2.010250112998485	2.0511864977606513	2.0921594122111946	2.133166702952084	2.174206381068006	2.2152766069012966	2.2563756764610465	2.297502009269524	2.3386541374749763	2.3798306960821334	2.421030414170884	2.462252106990153	2.5034946688282154	2.544757066573024	2.5860383338867674	2.6273375659281037	2.6686539145635155
0.37657193384093857	0.38014430457249826	0.3908013969386206	0.40823538970097567	0.4315696525167376	0.45922007387065805	0.48940900450145025	0.520858491465787	0.5529136608844517	0.585303043675029	0.6179333655896819	0.6507902191340932	0.6838965180447235	0.7172926051617187	0.7510236091537754	0.7851302865979102	0.819643072788702	0.8545794057007937	0.8899438064916205	0.9257297529412382	0.961922349375006	0.9985010493089764	1.0354420118711178	1.0727199352040333	1.1103093709212122	1.1481855991441579	1.186325164778776	1.2247061691029273	1.2633083935398441	1.30211331374299	1.3411040457218502	1.3802652528278523	1.4195830328605143	1.45904479775769	1.498639153642321	1.53835578583538	1.5781853513582123	1.6181193801016405	1.6581501849943168	1.6982707809915603	1.738474812413691	1.7787564880119462	1.819110523078593	1.8595320879112363	1.900016761967118	1.9405604930867086	1.981159561217812	2.02181054612596	2.06251029863053	2.103255914956845	2.1440447138413807	2.1848742160698356	2.225742126165974	2.266646315983185	2.307584809980733	2.34855577199317	2.389557493324631	2.4305883820200895	2.4716469531834964	2.5127318202283173	2.553841686959582	2.5949753403985354	2.636131644271334	2.6773095330923997
0.41841325982326505	0.4216290536511789	0.4312356651303797	0.44703468190728335	0.4684624234168046	0.49441322582867786	0.5234201910652734	0.5541684332807346	0.5858151274544465	0.6179333655896819	0.6503367151944767	0.6829558671428585	0.7157777466029392	0.7488180280012972	0.782107215215866	0.8156816741690834	0.8495769113650065	0.8838226972857786	0.9184401477413161	0.953440679942254	0.9888264516573557	1.024591733789992	1.060724692688073	1.0972091940147028	1.134026399448025	1.1711560585420115	1.2085774841702517	1.2462702458342836	1.2842146329324717	1.322391941590208	1.3607846323365855	1.3993763969415483	1.4381521638037655	1.4770980635706088	1.516201370503732	1.5554504304010515	1.5948345824173598	1.6343440796299316	1.6739700114348561	1.7137042296396778	1.7535392792869027	1.793468334687802	1.8334851407838628	1.873583959724585	1.9137595224128572	1.9540069846931032	1.9943218878220696	2.03470012285321	2.075137898573284	2.115631712647416	2.156178325651899	2.1967747376996725	2.237418167389538	2.278106032835872	2.3188359345598464	2.359605640045902	2.4004130697879194	2.441256284668495	2.4821334745317287	2.523042947825245	2.563983122200814	2.6049525159751212	2.6459497403630543	2.6869734924054756
0.4602545858055916	0.46317846534933216	0.47192112800918046	0.48634826591922997	0.5060848724665302	0.5303623463440365	0.5580384842663727	0.5879005612257996	0.6190077003068534	0.6507902191340932	0.6829558671428585	0.7153703867139244	0.7479803941892873	0.7807740662521871	0.813762192046677	0.846968104348774	0.8804211216415895	0.9141515556766491	0.9481868549240392	0.9825489335752945	1.0172527274500573	1.0523058522536544	1.0877090968230916	1.1234574311216161	1.1595412386117396	1.1959475575522345	1.232661199127352	1.2696656799900994	1.3069439550850375	1.3444789648512963	1.3822540241363515	1.4202530837742118	1.4584608940977948	1.4968630955702442	1.5354462569645015	1.5741978770001126	1.6131063614531036	1.6521609845928027	1.6913518413293096	1.7306697945782838	1.7701064209530992	1.8096539568728054	1.8493052464381095	1.8890536919045158	1.928893207215593	1.968818174807369	2.008823405725108	2.0489041029826396	2.089055828024732	2.129274470112224	2.169556218428816	2.2098975367010043	2.250295140124208	2.290745974395357	2.3312471966628117	2.3717961582170886	2.4123903887591354	2.4530275820964147	2.493705583130131	2.534422376009486	2.5751760733404905	2.6159649063477715	2.656787215897718	2.6976414443004386
0.502095911787918	0.5047764279267618	0.5127966244401628	0.5260617837860708	0.5443138529346342	0.5670131997240125	0.5932958709944136	0.6221214442379559	0.6525453393352668	0.6838965180447235	0.7157777466029392	0.7479803941892873	0.780404058233372	0.813006437050116	0.8457768421244805	0.8787226911816699	0.9118620240596315	0.9452185768179472	0.9788180090029005	1.0126848827835189	1.0468403821305468	1.081300827297435	1.1160769685327454	1.1511739463669992	1.1865917419888272	1.2223259258173995	1.2583685355143857	1.294708957550213	1.3313347324119684	1.3682322425349063	1.405387270250414	1.4427854307611785	1.4804124945616166	1.5182546173995906	1.556298496055076	1.5945314665327215	1.6329415588039027	1.671517519626198	1.7102488125485338	1.7491256021233728	1.7881387276291334	1.8272796702359935	1.8665405164812614	1.9059139201044026	1.9453930636769199	1.9849716210047885	2.0246437209449257	2.0644039130329284	2.1042471351442833	2.1441686832876616	2.1841641835433427	2.224229566102064	2.2643610413220805	2.304555077699176	2.344808381631724	2.3851178788574545	2.4254806974381236	2.4658941521711903	2.506355730312607	2.5468630785012216	2.5874139907822786	2.62800639763485	2.668638355915368	2.709308039636487
0.5439372377702445	0.5464117671492574	0.5538191517253241	0.5660902603305201	0.5830418673744576	0.6042887420851258	0.6291842677571928	0.6568752445373334	0.6864836055678113	0.7172926051617187	0.7488180280012972	0.7807740662521871	0.813006437050116	0.8454377297528198	0.8780336448867675	0.9107845058331692	0.9436953596082861	0.9767802861778818	1.0100586125200774	1.043552008443703	1.0772821143604043	1.1112686508001774	1.1455280474247846	1.180072610897557	1.2149101952080008	1.250044286602081	1.2854743871545629	1.3211965785551807	1.3572041639175245	1.3934883108015919	1.4300386451742115	1.4668437688321612	1.5038916898981713	1.5411701673523632	1.5786669771600566	1.6163701106790733	1.6542679168624908	1.6923491992518693	1.7306032775437865	1.7690200220375614	1.8075898677880955	1.8463038139286567	1.885153412452102	1.924130749758556	1.963228423482075	2.00243951647629	2.0417575693440377	2.081176552513634	2.120690838572417	2.1602951753474557	2.199984660058103	2.239754714742797	2.2796010630729735	2.3195197086023667	2.3595069144541574	2.399559184416699	2.4396732453972687	2.4798460311697244	2.520074667344032	2.5603564574817743	2.600688870280755	2.6410695277528946	2.681496194322002	2.721966766771296
0.585778563752571	0.5880764911685274	0.5949576740205332	0.6063701743595309	0.6221801721604204	0.6421073164662359	0.6656673662059842	0.6921785161601492	0.7208672181982899	0.7510236091537754	0.782107215215866	0.813762192046677	0.8457768421244805	0.8780336448867675	0.9104714012722672	0.9430617680019463	0.975795963859952	1.0086773428108622	1.041716982931574	1.0749307189889528	1.1083368665614692	1.141954343836717	1.1758011224515992	1.2098930242235302	1.2442428884759118	1.2788601070625714	1.3137504890746667	1.3489163905433892	1.3843570323202985	1.4200689309288255	1.4560463782417616	1.4922819213524627	1.5287668099339642	1.5654913922236942	1.6024454514518878	1.6396184819588162	1.6769999088710112	1.7145792576823717	1.7523462810589554	1.7902910501982816	1.8284040175330798	1.866676056759295	1.90509848527122	1.9436630732113938	1.9823620425468664	2.0211880588912474	2.0601342182086655	2.0991940300553935	2.1383613986260936	2.177630602561471	2.216996274229408	2.256453379000588	2.295997194891759	2.3356232928363645	2.375327517755997	2.4151059705411972	2.454954991001664	2.49487114181035	2.534851193440104	2.5748921100732325	2.614991036451777	2.655145285627998	2.695352327569448	2.7356097785703435
0.6276198897348976	0.6297647336988215	0.636189266643256	0.6468534976955697	0.6616572070015964	0.6803923161682928	0.702693635125207	0.7280231891208808	0.7557234939312426	0.7851302865979102	0.8156816741690834	0.846968104348774	0.8787226911816699	0.9107845058331692	0.9430617680019463	0.975505072791715	1.008090623678657	1.0408104295239018	1.0736666199044091	1.1066679689497292	1.1398275300745393	1.1731608228237993	1.2066843298171877	1.2404142297548644	1.2743653670475095	1.3085504776631836	1.3429796804330716	1.377660221611974	1.4125964397972455	1.4477899046010347	1.4832396774860341	1.5189426457130353	1.5548938878472867	1.59108703903211	1.627514634129806	1.664168415514961	1.7010395991720375	1.738119097706521	1.7753977021388259	1.8128662262553779	1.8505156182020208	1.88833704424016	1.9263219493987074	1.9644620993313664	2.002749607157154	2.0411769485048787	2.079736967448738	2.1184228755385734	2.1572282457056473	2.196147002465138	2.2351734095364164	2.2743020557555984	2.3135278399547885	2.3528459553217695	2.3922518736260385	2.431741329596149	2.4713103056542574	2.510955017152284	2.5506718982066907	2.590457588192576	2.6303089189303535	2.670222902577693	2.7101967202242574	2.750227711175794
0.6694612157172242	0.6714720918123476	0.6774966460040462	0.6875034328768435	0.7014157117147612	0.7190760819018828	0.7402062472808083	0.7643834049669821	0.7910611613258849	0.819643072788702	0.8495769113650065	0.8804211216415895	0.9118620240596315	0.9436953596082861	0.975795963859952	1.008090623678657	1.0405387443111627	1.073120075037362	1.1058273217689034	1.138661719829355	1.171630254908893	1.2047437502735439	1.2380154006137067	1.271459555254851	1.3050906786705336	1.3389224781900395	1.3729672111356226	1.407235182976184	1.4417344363965798	1.4764706168007444	1.5114469878624852	1.5466645637259435	1.5821223226517698	1.6178174693201226	1.6537457181141242	1.6899015760145983	1.7262786100669505	1.762869689988807	1.7996672010139676	1.8366632254403414	1.8738496936672184	1.911218506954641	1.948761634920199	1.9864711910966601	2.024339489866121	2.062359087885035	2.100522812808518	2.1388237817725546	2.1772554117385368	2.215811423469418	2.25448584060332	2.293272985023882	2.3321674694978305	2.3711641883570604	2.4102583068417767	2.4494452495888623	2.4887206886416817	2.528080531270232	2.5675209078204064	2.6070381597552013	2.646628828006386	2.6862896417202657	2.726017507453921	2.7658094988571333
0.7113025416995505	0.7131951966390608	0.7188665437010009	0.7282914053566119	0.7414098553673548	0.758100685251866	0.778149248027538	0.8012227257259439	0.8268728590570621	0.8545794057007937	0.8838226972857786	0.9141515556766491	0.9452185768179472	0.9767802861778818	1.0086773428108622	1.0408104295239018	1.073120075037362	1.1055724158306104	1.1381500174533152	1.1708462016680283	1.2036615458498823	1.2366016330438876	1.2696754855238261	1.3028943634087757	1.3362707682495933	1.3698175851793617	1.4035473474087976	1.4374716287150946	1.4716005739078897	1.5059425719466637	1.540504067192084	1.5752894951365455	1.6103013221648126	1.6455401653436519	1.6810049678175056	1.7166932073946495	1.7526011194303024	1.7887239192874533	1.8250560138155567	1.8615911950012982	1.8983228119978965	1.93524392007408	1.9723474066883069	2.0096260959889665	2.0470728336866997	2.084680554556073	2.122442334901184	2.1603514322438864	2.198401314325677	2.2365856792989747	2.2748984687508833	2.3133338749721957	2.3518863436680904	2.390550573111104	2.4293215105640344	2.4681943466508143	2.5071645082257543	2.5462276501841625	2.585379646567748	2.624616581244161	2.6639347383792806	2.7033305928713154	2.742800800875666	2.7823421905171797
0.7531438676818771	0.7549314267504273	0.7602886091449965	0.7691949366602442	0.7816027938772412	0.7974172912086799	0.8164707794019513	0.8384999544355056	0.8631393050334752	0.8899438064916205	0.9184401477413161	0.9481868549240392	0.9788180090029005	1.0100586125200774	1.041716982931574	1.0736666199044091	1.1058273217689034	1.1381500174533152	1.170606087350058	1.2031803695490855	1.2358667311793639	1.2686652631867206	1.3015804382681864	1.334619813867227	1.367793036089447	1.4011110147579662	1.4345852103234373	1.4682270135043507	1.5020472183075508	1.5360555956240596	1.5702605731958204	1.6046690223697249	1.639286145577404	1.6741154527991182	1.7091588114015874	1.7444165519800972	1.779887612983241	1.8155697084796243	1.8514595058824763	1.887552803271578	1.923844698750012	1.9603297467894725	1.9970020986179529	2.033855625346801	2.0708840237422357	2.108080905375621	2.1454398704080666	2.1829545675492854	2.2206187418424244	2.258426271919518	2.296371198288316	2.3344477440826137	2.3726503295575516	2.4109735814543427	2.449412338205854	2.48796165181144	2.5266167870796883	2.5653732188228004	2.60422662748598	2.6431728936090018	2.6822080914437	2.7213284819893007	2.760530505655705	2.799810774721892
0.7949851936642036	0.7966787118304762	0.8017546518419263	0.8101961273400295	0.8219647173903969	0.8369850057174281	0.8551244062742669	0.8761731405294777	0.8998336005069838	0.9257297529412382	0.953440679942254	0.9825489335752945	1.0126848827835189	1.043552008443703	1.0749307189889528	1.1066679689497292	1.138661719829355	1.1708462016680283	1.2031803695490855	1.2356397588695056	1.2682110670551623	1.3008886455380682	1.3336722248490254	1.3665653913403333	1.3995745027831885	1.4327078538318707	1.4659749860162425	1.4993860903413028	1.53295148253968	1.5666811481875738	1.6005843621014684	1.634669387284098	1.668943255926852	1.703411630675631	1.7380787400041036	1.7729473780367493	1.8080189569659793	1.8432935993774915	1.8787702581489767	1.9144468528035021	1.950320412935047	1.9863872212714688	2.0226429508625867	2.0590827926207833	2.0957015709131643	2.1324938460786362	2.1694540036295105	2.2065763305273323	2.2438550793391245	2.2812845213277915	2.3188589896503977	2.356572913866624	2.3944208469258803	2.4323974857282944	2.470497686259118	2.508716474190285	2.5470490517352546	2.5854908014395126	2.6240372874923903	2.662684255058066	2.7014276280453524	2.740263505667226	2.7791881580815168	2.818198021353046
0.8368265196465301	0.8384353951207566	0.8432581073023578	0.8512805623198608	0.8624713302607594	0.8767696396434513	0.8940693638145667	0.9142020087665399	0.9369248468336092	0.961922349375006	0.9888264516573557	1.0172527274500573	1.0468403821305468	1.0772821143604043	1.1083368665614692	1.1398275300745393	1.171630254908893	1.2036615458498823	1.2358667311793639	1.2682110670551623	1.3006734303889533	1.3332420585242206	1.365911734285717	1.3986819213491317	1.4315554932058785	1.4645378186361167	1.4976360560025943	1.5308585706447553	1.564214430431732	1.5977129599465674	1.6313633483381669	1.6651743129317047	1.699153822730013	1.733308884886667	1.7676453945715571	1.802168045495725	1.8368802954826322	1.8717843793200863	1.906881359884508	1.942171208178406	1.9776529033147114	2.013324544408533	2.049183467579984	2.085226362639886	2.121449385376146	2.157848262583688	2.1944183880294057	2.2311549083948075	2.26805279889605	2.3051069287622203	2.342312117084023	2.379663179754719	2.4171549683405034	2.454782401762581	2.492540491668567	2.5304243623326506	2.5684292658649435	2.606550593440109	2.6447838831804154	2.6831248252534623	2.7215692646731715	2.760113202225934	2.7987527938830965	2.8374843490067136
0.8786678456288566	0.8802001350943324	0.8847936534919969	0.8924365110307999	0.9031026798788291	0.9167425703919314	0.9332702582406307	0.95254924263561	0.9743808174600995	0.9985010493089764	1.024591733789992	1.0523058522536544	1.081300827297435	1.1112686508001774	1.141954343836717	1.1731608228237993	1.2047437502735439	1.2366016330438876	1.2686652631867206	1.3008886455380682	1.3332420585242206	1.3657071019084013	1.3982733022757898	1.4309358279312234	1.4636939457899278	1.4965499521485661	1.5295083954174604	1.562575474397361	1.595758542104355	1.629065676516297	1.662505299842204	1.6960858401159835	1.7298154354264244	1.7637016836773987	1.797751440784862	1.8319706687284572	1.8663643327138681	1.9009363444772125	1.935689546878971	1.970625733612	2.0057456971541363	2.041049297988177	2.0765355484804475	2.112202705514092	2.148048366874681	2.1840695673626414	2.220262871565722	2.2566244611017923	2.293150214900946	2.329835781720945	2.366676644582166	2.4036681771778308	2.4408056925784765	2.4780844847246377	2.5154998633065175	2.553047182680357	2.5907218654828292	2.628519421588434	2.6664354630202447	2.7044657153784684	2.7426060262996206	2.7808523714054725	2.8192008581480943	2.85764772790683
0.9205091716111832	0.9219718339025708	0.9263569306986643	0.9336543354882897	0.9438422560183609	0.9568797612064286	0.9726965318384599	0.9911810212734332	1.0121697449330604	1.0354420118711178	1.060724692688073	1.0877090968230916	1.1160769685327454	1.1455280474247846	1.1758011224515992	1.2066843298171877	1.2380154006137067	1.2696754855238261	1.3015804382681864	1.3336722248490254	1.365911734285717	1.3982733022757898	1.4307407734278488	1.4633047641770742	1.4959607883785746	1.5287079691067624	1.5615481325043743	1.5944851425327409	1.627524384093354	1.6606723371376573	1.693936208697548	1.7273236059132977	1.760842243283179	1.794499683171984	1.8283031113532981	1.8622591499995997	1.8963737098480784	1.9306518818721377	1.965097867150589	1.9997149420865927	2.0345054549001147	2.0694708485055107	2.1046117045073087	2.1399278030584363	2.175418193646183	2.2110812724082733	2.2469148622432322	2.282916292687266	2.3190824772234793	2.355409986326799	2.391895115104469	2.4285339448567638	2.4653223982547043	2.502256288117299	2.539331359980199	2.576543328792425	2.6138879101700754	2.6513608466870533	2.688957929702592	2.7266750172225507	2.764508048272703	2.802453054233217	2.840506167548423	2.8786636281878293
0.9623504975935095	0.9637495844612233	0.9679443337693049	0.9749260468097939	0.9846762964457983	0.9971609439110348	1.0123218604724629	1.0300671091043327	1.050261406404259	1.0727199352040333	1.0972091940147028	1.1234574311216161	1.1511739463669992	1.180072610897557	1.2098930242235302	1.2404142297548644	1.271459555254851	1.3028943634087757	1.334619813867227	1.3665653913403333	1.3986819213491317	1.4309358279312234	1.4633047641770742	1.4957744449472963	1.5283364160040236	1.5609865019319116	1.5937237221744467	1.6265495178691303	1.659467178841568	1.692481396637478	1.72559789634967	1.7588231189855141	1.7921639390518012	1.8256274104456975	1.8592205388279985	1.8929500813320201	1.926822375439196	1.96084319869619	1.9950176601130776	2.0293501229286	2.0638441572289064	2.0985025198501432	2.1333271581948754	2.168319234095285	2.2034791636589675	2.2388066690980306	2.274300838811919	2.3099601924053497	2.3457827478142255	2.3817660882326934	2.4179074270435468	2.454203669423952	2.4906514697120583	2.527247283969471	2.5639874174586894	2.6008680669769433	2.63788535815479	2.6750353779470775	2.7123142026236553	2.749717921615291	2.7872426575936755	2.8248845831694016	2.8626399345834868	2.9005050227503872
1.004191823575836	1.0055326307480532	1.0095528558535236	1.0162449690060698	1.0255932488803257	1.037568949286642	1.0521235675721416	1.0691806993130468	1.0886277058692684	1.1103093709212122	1.134026399448025	1.1595412386117396	1.1865917419888272	1.2149101952080008	1.2442428884759118	1.2743653670475095	1.3050906786705336	1.3362707682495933	1.367793036089447	1.3995745027831885	1.4315554932058785	1.4636939457899278	1.4959607883785746	1.5283364160040236	1.560808116466744	1.5933682342126585	1.626012874100232	1.658740982653355	1.691553684248961	1.7244537846918297	1.7574453823633398	1.790533547878236	1.823724048119263	1.85702310092056	1.8904371536358944	1.9239726832263895	1.957636018005801	1.9914331823137983	2.0253697655670377	2.0594508167034338	2.0936807642610935	2.12806336143541	2.16260165459487	2.197297973014633	2.232153937065491	2.267170481793727	2.3023478927339984	2.3376858508822047	2.3731834839776544	2.408839421559914	2.444651851634799	2.480618577171187	2.5167370710287713	2.5530045282675045	2.5894179151004257	2.6259740140171317	2.6626694648239364	2.699500801520951	2.7364644850698125	2.7735569322038724	2.8107745405008275	2.8481137099814413	2.885570861522357	2.9231424523802985
1.0460331495581627	1.047320337618074	1.0511799693755626	1.0576054812410707	1.066583351476042	1.0780891628259495	1.0920820917716714	1.1084981371147042	1.12724292030166	1.1481855991441579	1.1711560585420115	1.1959475575522345	1.2223259258173995	1.250044286602081	1.2788601070625714	1.3085504776631836	1.3389224781900395	1.3698175851793617	1.4011110147579662	1.4327078538318707	1.4645378186361167	1.4965499521485661	1.5287079691067624	1.5609865019319116	1.5933682342126585	1.6258417879861917	1.6584001990054114	1.6910398256817818	1.7237595651692768	1.7565602801597344	1.7894443665073483	1.8224154130787074	1.855477921380496	1.8886370643468229	1.9218984720714272	1.955268038039665	1.9887517431897987	2.0223554974117097	2.056084999264262	2.089945615073017	2.1239422784125157	2.1580794104905365	2.1923608613042553	2.2267898707599953	2.261369048333249	2.2961003693532906	2.3309851856571884	2.3660242481768354	2.4012177389877607	2.4365653104363334	2.4720661291433896	2.507718922926939	2.543522028966608	2.5794734418240624	2.6155708602183876	2.6518117317201826	2.6881932947644724	2.7247126175863716	2.7613666338533265	2.798152174905126	2.835065998620062	2.8721048150062742	2.909265308675127	2.946544158392409
1.087874475540489	1.0891121675772497	1.0928235342985149	1.0990028181661144	1.1076383034506483	1.118709083694769	1.1321805206610402	1.1479985974458795	1.1660837347489152	1.186325164778776	1.2085774841702517	1.232661199127352	1.2583685355143857	1.2854743871545629	1.3137504890746667	1.3429796804330716	1.3729672111356226	1.4035473474087976	1.4345852103234373	1.4659749860162425	1.4976360560025943	1.5295083954174604	1.5615481325043743	1.5937237221744467	1.626012874100232	1.6584001990054114	1.6908754595056397	1.7234322936128552	1.756067289773535	1.7887793138788701	1.8215690116663383	1.8544384302773196	1.8873907192165722	1.9204298836432652	1.9535605723557636	1.9867878896528455	2.020117225040155	2.0535540979757845	2.087104016887406	2.1207723528396176	2.1545642287208087	2.1884844248464903	2.222537301600355	2.2567267392863624	2.2910560948495693	2.325528174619716	2.360145221795114	2.394908917048525	2.4298203904160016	2.4648802425235914	2.5000885732041613	2.535445015639369	2.5709487743091257	2.6065986652214885	2.6423931571103614	2.678330412510392	2.714408327835049	2.750624571785972	2.7869766216031833	2.823461796823617	2.860077290348423	2.896820196728526	2.9336875376643223	2.9706762847818147
1.1297158015228155	1.130907662712721	1.1344817266587557	1.1404329137174947	1.148751004634762	1.1594179672799234	1.172404190815862	1.1876637588779988	1.2051291534208883	1.2247061691029273	1.2462702458342836	1.2696656799900994	1.294708957550213	1.3211965785551807	1.3489163905433892	1.377660221611974	1.407235182976184	1.4374716287150946	1.4682270135043507	1.4993860903413028	1.5308585706447553	1.562575474397361	1.5944851425327409	1.6265495178691303	1.658740982653355	1.6910398256817818	1.7234322936128552	1.755909131025087	1.7884645037348972	1.821095209459488	1.8538000967690462	1.886579630988656	1.919435561453865	1.9523706574022797	1.985388489818806	2.0184932441211982	2.0516895541341706	2.084982351778828	2.118376729653466	2.151877815485156	2.185490658513231	2.2192201284063224	2.253070827461327	2.2870470167081822	2.3211525562506448	2.3553908597937308	2.3897648629089985	2.424277004218128	2.4589292183661056	2.493722939426119	2.528659113235487	2.563738217102382	2.5989602853373563	2.634324939138044	2.6698314194748622	2.7054786217749554	2.7412651313674488	2.7771892588237144	2.8132490744929273	2.8494424416889075	2.885767048125018	2.922220435317132	2.9588000257797042	2.9955031479269287
1.171557127505142	1.1727064304917774	1.176152982337055	1.1818922777889747	1.1899153480410665	1.2002065348939597	1.2127403487190618	1.227477495500832	1.2443603443208409	1.2633083935398441	1.2842146329324717	1.3069439550850375	1.3313347324119684	1.3572041639175245	1.3843570323202985	1.4125964397972455	1.4417344363965798	1.4716005739078897	1.5020472183075508	1.53295148253968	1.564214430431732	1.595758542104355	1.627524384093354	1.659467178841568	1.691553684248961	1.7237595651692768	1.756067289773535	1.7884645037348972	1.8209428025445344	1.8534968171015376	1.8861235360038926	1.9188218012346743	1.951591927719904	1.9844354095273014	2.0173546856217244	2.0503529460905625	2.083433965863148	2.1166019575043387	2.1498614379779055	2.1832171066170476	2.2166737331229385	2.250236055410652	2.283908687673434	2.317696039255323	2.3516022449031984	2.3856311067919647	2.41978604844706	2.454070080380493	2.4884857769518236	2.5230352636940148	2.5577202141251427	2.592541854910681	2.6275009781493335	2.6625979595246383	2.697832781086779	2.733205057494084	2.768714064640597	2.8043587697140255	2.840137861857651	2.8760497827422826	2.9120927564835233	2.9482648184608293	2.984563842704925	3.020987567617164
1.2133984534874687	1.2145081324966476	1.217835952410524	1.2233778980200234	1.2311260534950765	1.2410667372658644	1.2531778651563035	1.267425596720052	1.2837604539102032	1.30211331374299	1.322391941590208	1.3444789648512963	1.3682322425349063	1.3934883108015919	1.4200689309288255	1.4477899046010347	1.4764706168007444	1.5059425719466637	1.5360555956240596	1.5666811481875738	1.5977129599465674	1.629065676516297	1.6606723371376573	1.692481396637478	1.7244537846918297	1.7565602801597344	1.7887793138788701	1.821095209459488	1.8534968171015376	1.8859764740639826	1.9185292231243263	1.9511522274247939	1.9838443306111175	2.0166057219837326	2.049437676060388	2.082342344005278	2.1153225807969998	2.1483817969699155	2.181523827512809	2.2147528132795475	2.248073092261078	2.281489099452293	2.3150052749551553	2.348625980498231	2.3823554248116943	2.4161975983493402	2.4501562177576757	2.484234680309263	2.518436028286632	2.552762923059188	2.5872176283650816	2.6218020021116306	2.6565174958528766	2.6913651609963334	2.726345660732958	2.761459286671121	2.796705979180534	2.8320853505080947	2.867596709806333	2.9032390893088182	2.9390112709885376	2.9749118131389203	3.0109390764184205	3.047091248994619
1.2552397794697951	1.2563124754106876	1.259529467397643	1.2648871609535366	1.272378533286512	1.281991561100407	1.2937069953911393	1.3074955182258887	1.3233144140031927	1.3411040457218502	1.3607846323365855	1.3822540241363515	1.405387270250414	1.4300386451742115	1.4560463782417616	1.4832396774860341	1.5114469878624852	1.540504067192084	1.5702605731958204	1.6005843621014684	1.6313633483381669	1.662505299842204	1.693936208697548	1.72559789634967	1.7574453823633398	1.7894443665073483	1.8215690116663383	1.8538000967690462	1.8861235360038926	1.9185292231243263	1.95101014558343	1.9835617126173581	2.016181247357314	2.0488676014285754	2.0816208590478036	2.114442105311201	2.1473332398088183	2.1802968218828123	2.2133359378994584	2.2464540840038922	2.2796550601490786	2.3129428728908867	2.3463216456475986	2.379795535939286	2.4133686596343753	2.4470450225072504	2.4808284595097283	2.5147225821298145	2.5487307340950185	2.582855955509814	2.617100955326367	2.6514680918573355	2.685959360866143	2.7205763906253577	2.7553204432239484	2.7901924213318634	2.825192879594491	2.860322039826762	2.8955798092020695	2.930965800678879	2.9664793549720687	3.002119563450907	3.03788529142607	3.0737752013699757
1.2970811054521216	1.298119203748001	1.301232508397941	1.3064177882644685	1.313668782964052	1.3229748701815272	1.334319177957684	1.347676163784724	1.3630087537269606	1.3802652528278523	1.3993763969415483	1.4202530837742118	1.4427854307611785	1.4668437688321612	1.4922819213524627	1.5189426457130353	1.5466645637259435	1.5752894951365455	1.6046690223697249	1.634669387284098	1.6651743129317047	1.6960858401159835	1.7273236059132977	1.7588231189855141	1.790533547878236	1.8224154130787074	1.8544384302773196	1.886579630988656	1.9188218012346743	1.9511522274247939	1.9835617126173581	2.016043817102878	2.048594277572121	2.0812105641400187	2.1138915412181625	2.1466372050439344	2.1794484768150166	2.212327035565698	2.2452751791323258	2.278295704881458	2.3113918044472173	2.3445669686770767	2.37782490043672	2.411169433974541	2.4446044602765	2.4781338583196777	2.5117614324121336	2.5454908559342506	2.579325621811009	2.613268999979065	2.6473240019953255	2.6814933527886597	2.7157794694027486	2.7501844464307794	2.7847100477126756	2.819357703759803	2.854128514294321	2.8890232552414723	2.9240423894917216	2.959186080753029	2.994454209837539	3.0298463927675297	3.065362000137804	3.101000177231988
1.3389224314344483	1.3399280939454048	1.3429441836246951	1.347967784812963	1.3549932920080925	1.3640112742609851	1.375006865753687	1.3879576957099622	1.4028314234295225	1.4195830328605143	1.4381521638037655	1.4584608940977948	1.4804124945616166	1.5038916898981713	1.5287668099339642	1.5548938878472867	1.5821223226517698	1.6103013221648126	1.639286145577404	1.668943255926852	1.699153822730013	1.7298154354264244	1.760842243283179	1.7921639390518012	1.823724048119263	1.855477921380496	1.8873907192165722	1.919435561453865	1.951591927719904	1.9838443306111175	2.016181247357314	2.048594277572121	2.0810774886223253	2.113626910974433	2.146240150074724	2.1789160867440627	2.211654643537807	2.244456599464226	2.27732343965871	2.310257230052357	2.343260509817786	2.376336196519986	2.4094875005470877	2.44271784663682	2.4760308012274135	2.509430005011314	2.542919110509702	2.57650172475867	2.6101813573410677	2.643961374042273	2.677844956380079	2.7118350671814273	2.745934422271245	2.780145468217259	2.8144703659523675	2.8489109799828425	2.883468872793159	2.9181453039810714	2.9529412336014893	2.987857329164996	3.022893975724971	3.0580512884939415	3.0933291274518875	3.1287271134433863
