-2.1023008282502658	-2.0859604088102364	-2.0697903622135936	-2.053795090515872	-2.037979365841293	-2.0223483601483	-2.0069076756513917	-1.9916633755592041	-1.9766220146819975	-1.9617906693330909	-1.9471769657960587	-1.9327891064510319	-1.9186358924479026	-1.9047267415828282	-1.8910716997797257	-1.8776814443069154	-1.864567276581306	-1.8517411021447148	-1.8392153951623542	-1.8270031446229238	-1.8151177793527344	-1.8035730690397367	-1.7923829987505204	-1.7815616149690219	-1.7711228420400738	-1.7610802690999956	-1.7514469091305962	-1.7422349336534162	-1.7334553887087134	-1.7251179000001613	-1.7172303772349948	-1.7097987295063408	-1.702826604783822	-1.6963151669504792	-1.6902629231596837	-1.6846656125034247	-1.679516164140197	-1.6748047293342703	-1.670518787647688	-1.6666433232270639	-1.6631610631840528	-1.6600527668749978	-1.6572975527238292	-1.654873248236986	-1.6527567490095358	-1.6509243736648012	-1.6493522035609192	-1.6480163984507508	-1.646893481814204	-1.645960592052552	-1.645195697961087	-1.6445777787651619	-1.6440869704628907	-1.643704681264058	-1.6434136795824543	-1.6431981583837048	-1.643043779776432	-1.6429377036256305	-1.6428686037214852	-1.6428266747034068	-1.6428036325561606	-1.6427927110909688	-1.6427886564184826	-1.6427877210241555
-2.0859604088102364	-2.0694523778088563	-2.0531132995288592	-2.036947367547807	-2.0209591336402903	-2.0051535385353967	-1.989535943649197	-1.9741121635113201	-1.9588884985057395	-1.9438717674251436	-1.9290693391925484	-1.9144891629307177	-1.9001397953571955	-1.8860304242496262	-1.872170886463632	-1.8585716786977329	-1.8452439588944223	-1.8321995358571694	-1.8194508443696351	-1.8070109028544283	-1.7948932504419786	-1.7831118602832239	-1.7716810260889502	-1.760615219276308	-1.7499289148112924	-1.7396363849093264	-1.7297514612275435	-1.7202872680506665	-1.7112559311851874	-1.702668269718401	-1.6945334802841931	-1.6868588257558015	-1.6796493420619818	-1.6729075777925364	-1.6666333811602714	-1.660823747552437	-1.655472738314956	-1.6505714777185354	-1.6461082305778683	-1.6420685581835177	-1.6384355455723723	-1.635190089195101	-1.6323112311244943	-1.6297765243143603	-1.6275624131109243	-1.6256446141151157	-1.6239984843458275	-1.6225993661421891	-1.6214229010359937	-1.620445307627048	-1.61964362107298	-1.618995894007071	-1.6184813604442227	-1.6180805655110682	-1.6177754646715075	-1.6175494965734616	-1.6173876337886273	-1.6172764156290955	-1.6172039669713538	-1.6171600066573952	-1.6171358486205807	-1.6171243984343877	-1.6171201475285968	-1.6171191668738352
-2.0697903622135936	-2.0531132995288592	-2.036603927367446	-2.0202662338758097	-2.0041045519821146	-1.9881235909425852	-1.9723284691583918	-1.956724748039684	-1.941318466603378	-1.926116176379499	-1.9111249760640099	-1.8963525451908168	-1.8818071758986943	-1.8674978016384411	-1.8534340214003324	-1.8396261177441218	-1.8260850665880228	-1.8128225363697745	-1.79985087384845	-1.7871830734952685	-1.774832727160417	-1.7628139505467648	-1.7511412830281765	-1.7398295575868872	-1.728893738183764	-1.718348722787642	-1.7082091116318587	-1.6984889420647717	-1.6892013935967578	-1.6803584693337208	-1.6719706627635602	-1.6640466215824912	-1.6565928225990572	-1.6496132733843272	-1.6431092569100614	-1.6370791346727782	-1.6315182216220494	-1.6264187426663472	-1.6217698758947503	-1.617557882382528	-1.6137663171106866	-1.610376310711156	-1.6073669079568298	-1.6047154464940763	-1.602397958402722	-1.6003895776951	-1.5986649385923506	-1.5971985519958083	-1.5959651506205592	-1.594939996417183	-1.594099146883997	-1.5934196794615545	-1.5928798752901305	-1.5924593651639505	-1.5921392415574358	-1.5919021411906678	-1.5917323028257666	-1.591615604928921	-1.5915395875752862	-1.5914934625849173	-1.5914681154126542	-1.5914561018143591	-1.5914516418043236	-1.591450612921283
-2.053795090515872	-2.036947367547807	-2.0202662338758097	-2.003755476926034	-1.9874192140153826	-1.971261924486689	-1.9552884833858828	-1.9395041965133297	-1.9239148366007501	-1.9085266802633774	-1.8933465452504499	-1.8783818273617547	-1.8636405362099076	-1.8491313287837732	-1.8348635395057262	-1.8208472051733067	-1.807093082837018	-1.7936126582969882	-1.7804181425147538	-1.7675224528536102	-1.7549391757128385	-1.7426825068508895	-1.7307671655569588	-1.7192082788987468	-1.7080212326266881	-1.6972214860357016	-1.6868243492527757	-1.6768447230892038	-1.6672968037857256	-1.65819375764017	-1.6495473735106025	-1.6413677043074815	-1.6336627115088558	-1.6264379290672117	-1.6196961644186567	-1.6134372542956035	-1.607657891449831	-1.6023515351758328	-1.5975084138835025	-1.593115622334801	-1.5891573101367897	-1.585614952355566	-1.5824676883217963	-1.5796927113258123	-1.577265690209347	-1.5751612038632956	-1.5733531711268345	-1.571815261188097	-1.570521272873168	-1.569445474747073	-1.568562901371496	-1.5678496041017138	-1.5672828572995305	-1.5668413227267646	-1.5665051761781883	-1.5662562011772123	-1.5660778548835788	-1.565955311349437	-1.5658754870035998	-1.565827052826022	-1.565800437161975	-1.5657878225675657	-1.5657831395094537	-1.5657820591829767
-2.037979365841293	-2.0209591336402903	-2.0041045519821146	-1.9874192140153826	-1.9709070264846236	-1.9545722422574467	-1.938419494641159	-1.9224538333736798	-1.9066807621025308	-1.8911062770747138	-1.8757369066450518	-1.8605797510669715	-1.8456425218528982	-1.8309335797770354	-1.8164619703372584	-1.8022374551927716	-1.7882705377491905	-1.774572480676848	-1.7611553127293926	-1.7480318217949742	-1.7352155306874268	-1.7227206518090143	-1.7105620165426467	-1.6987549751295217	-1.6873152629418575	-1.6762588295647562	-1.6656016280532273	-1.6553593632152102	-1.6455471998419737	-1.6361794344602574	-1.6272691373293364	-1.6188277748610282	-1.6108648260975051	-1.603387409936937	-1.5963999419848331	-1.5899038407723345	-1.583897302260572	-1.5783751588702029	-1.573328834823502	-1.5687464037318293	-1.5646127477188727	-1.5609098107046204	-1.5576169325663383	-1.5547112463947852	-1.5521681183946292	-1.5499616092658512	-1.5480649369965205	-1.5464509235303705	-1.5450924112573157	-1.5439626392008163	-1.543035572688947	-1.5422861838493591	-1.5416906832412671	-1.5412267052286226	-1.5408734513031979	-1.5406117965464317	-1.540424364875696	-1.540295578768805	-1.5402116889123527	-1.5401607887732347	-1.5401328185285226	-1.5401195621666541	-1.5401146409346043	-1.5401135056770694
-2.0223483601483	-2.0051535385353967	-1.9881235909425852	-1.971261924486689	-1.9545722422574467	-1.9380585760432134	-1.9217253210699001	-1.9055772726873013	-1.8896196648758519	-1.873858210366849	-1.858299142066384	-1.8429492553425504	-1.8278159505721543	-1.8129072751414461	-1.7982319638504562	-1.7837994763774265	-1.7696200301163572	-1.7557046263060336	-1.7420650669285578	-1.7287139593800056	-1.7156647054265683	-1.702931470489332	-1.6905291288983313	-1.678473180487777	-1.6667796338543117	-1.6554648518704411	-1.6445453557479441	-1.6340375851918298	-1.6239576140642251	-1.6143208235329134	-1.605141537877131	-1.59643263182249	-1.5882051222068423	-1.5804677605380877	-1.5732266460873956	-1.5664848810196976	-1.5602422892028962	-1.554495218427641	-1.5492364417462372	-1.5444551677648155	-1.5401371625808895	-1.5362649784712672	-1.5328182773208368	-1.5297742309826123	-1.5271079768870226	-1.5247931055623745	-1.522802157234629	-1.5211071069998767	-1.5196798216782872	-1.5184924757685945	-1.5175179183706322	-1.516729987085542	-1.5161037684392524	-1.5156158071508652	-1.515244268552339	-1.5149690597155951	-1.514771915467978	-1.5146364556084784	-1.514548219407368	-1.5144946829986838	-1.514465264654631	-1.5144513222366556	-1.5144461464004535	-1.51444495242359
-2.0069076756513917	-1.989535943649197	-1.9723284691583918	-1.9552884833858828	-1.938419494641159	-1.9217253210699001	-1.905210125601804	-1.8888784530924163	-1.8727352695872683	-1.8567860035681185	-1.8410365889508882	-1.8254935094884048	-1.8101638440825694	-1.7950553123243065	-1.780176319349064	-1.765535998814976	-1.7511442524746788	-1.7370117844176096	-1.7231501276072378	-1.7095716598344246	-1.696289605667777	-1.6833180204316243	-1.6706717517236354	-1.6583663735578607	-1.6464180879672279	-1.6348435889262647	-1.6236598838825147	-1.6128840691455868	-1.6025330570003338	-1.5926232547765657	-1.5831701992464893	-1.5741881535533468	-1.565689678182736	-1.5576851918972539	-1.5501825425431537	-1.5431866105853378	-1.5366989695080162	-1.5307176263280842	-1.5252368621540857	-1.5202471870906011	-1.5157354163350616	-1.5116848658813244	-1.5080756578717447	-1.5048851183699887	-1.502088245006973	-1.4996582190824639	-1.4975669363777486	-1.4957855328676377	-1.4942848851605905	-1.4930360701629541	-1.4920107734832302	-1.4911816409001668	-1.4905225714138752	-1.4900089537572678	-1.4896178506950788	-1.489328137024302	-1.4891205980296383	-1.488977995391311	-1.488885107345333	-1.488828749399095	-1.488797781224267	-1.4887831045737014	-1.4887776562614325	-1.4887763994446774
-1.9916633755592041	-1.9741121635113201	-1.956724748039684	-1.9395041965133297	-1.9224538333736798	-1.9055772726873013	-1.8888784530924163	-1.8723616751603926	-1.8560316411516644	-1.8398934970881056	-1.823952876986704	-1.8082159489975087	-1.7926894630565675	-1.7773807994954256	-1.7622980178358234	-1.7474499047339696	-1.7328460197163582	-1.7184967369627902	-1.7044132809386006	-1.6906077531588615	-1.677093146790892	-1.663883345187048	-1.6509930998214952	-1.6384379825352098	-1.6262343065491685	-1.6143990104881663	-1.602949499794765	-1.591903440551483	-1.5812785020234907	-1.5710920463205853	-1.561360766542198	-1.5521002786051126	-1.5433246765140833	-1.5350460657994587	-1.5272740947053316	-1.5200155068012362	-1.5132737412684896	-1.507048607491906	-1.5013360582967588	-1.4961280811024669	-1.491412718768397	-1.4871742227828342	-1.4833933318217454	-1.480047659824245	-1.4771121707105475	-1.474559712474898	-1.4723615819224758	-1.4704880926152648	-1.4689091221016297	-1.4675946194677847	-1.4665150598616026	-1.4656418381913474	-1.4649475991649705	-1.4644065048901356	-1.4639944442740198	-1.4636891904683687	-1.463470513719865	-1.4633202573793622	-1.463222384677925	-1.4631630033615064	-1.4631303745307802	-1.4631149111664175	-1.4631091709099493	-1.4631078467648395
-1.9766220146819975	-1.9588884985057395	-1.941318466603378	-1.9239148366007501	-1.9066807621025308	-1.8896196648758519	-1.8727352695872683	-1.8560316411516644	-1.839513224718982	-1.8231848882781603	-1.807051967793303	-1.7911203147001498	-1.7753963454754975	-1.7598870928417738	-1.7446002579758089	-1.7295442628467477	-1.7147283015044872	-1.7001623887687078	-1.68585740432325	-1.6718251296975766	-1.6580782750194318	-1.644630491761856	-1.6314963670086429	-1.6186913940687004	-1.6062319136483807	-1.5941350193376833	-1.5824184210076053	-1.5711002600081656	-1.5601988709760417	-1.5497324867850648	-1.539718885848406	-1.5301749846790513	-1.5211163832757215	-1.5125568762835588	-1.5045079485227635	-1.496978278709993	-1.4899732791858442	-1.4834947013463904	-1.4775403355433585	-1.4721038300946379	-1.46717464686092	-1.4627381612776533	-1.458775903943643	-1.455265930286046	-1.4521832958517225	-1.4495006085143358	-1.4471886259220448	-1.4452168668533927	-1.443554208307402	-1.4421694453058869	-1.4410317965874286	-1.440111345743313	-1.4393794131960578	-1.4388088593060229	-1.438374322604861	-1.4380523996840684	-1.437821774731966	-1.437663307304378	-1.4375600868460097	-1.437497461953109	-1.4374630515545026	-1.4374467442204293	-1.437440690781213	-1.4374392944112602
-1.9617906693330909	-1.9438717674251436	-1.926116176379499	-1.9085266802633774	-1.8911062770747138	-1.873858210366849	-1.8567860035681185	-1.8398934970881056	-1.8231848882781603	-1.8066647742775725	-1.7903381977249813	-1.7742106952423427	-1.7582883485005503	-1.7425778375448255	-1.7270864958863756	-1.711822366645642	-1.696794258752031	-1.6820118018552264	-1.6674854981744838	-1.6532267689975901	-1.6392479929367583	-1.6255625323593845	-1.6121847436526338	-1.5991299661852396	-1.5864144840532663	-1.574055454024373	-1.562070792647495	-1.5504790154294446	-1.5392990214876061	-1.5285498183789323	-1.518250184082058	-1.5084182665218102	-1.4990711256127773	-1.4902242284232852	-1.4818909143479178	-1.4740818534858362	-1.4668045268756842	-1.4600627608249883	-1.4538563483304698	-1.44818078783525	-1.4430271631343223	-1.4383821785913862	-1.434228352075633	-1.4305443557299806	-1.4273054835462253	-1.424484216228846	-1.4220508489359602	-1.4199741464758544	-1.4182219930418745	-1.4167620087376167	-1.4155621118940183	-1.414591013432771	-1.4138186363966534	-1.413216459637828	-1.412757789214142	-1.4124179642239212	-1.412174505721158	-1.4120072182063705	-1.4118982532322577	-1.4118321441392272	-1.4117958200518672	-1.4117786061865045	-1.4117722163587896	-1.4117707424141392
-1.9471769657960587	-1.9290693391925484	-1.9111249760640099	-1.8933465452504499	-1.8757369066450518	-1.858299142066384	-1.8410365889508882	-1.823952876986704	-1.807051967793303	-1.7903381977249813	-1.7738163238361615	-1.7574915729885914	-1.7413696939992798	-1.7254570126168127	-1.709760488964657	-1.6942877768938396	-1.679047284433492	-1.66404823420463	-1.6493007222583715	-1.6348157733035333	-1.6206053896918915	-1.606682590829278	-1.5930614388837703	-1.579757045789726	-1.566785555640807	-1.5541640956986014	-1.5419106885242424	-1.5300441173205792	-1.5185837366476724	-1.5075492214778063	-1.4969602493365954	-1.4868361132598615	-1.4771952676247868	-1.4680548145725534	-1.4594299454729147	-1.451333359131892	-1.4437746853403124	-1.4367599477863493	-1.4302911031141061	-1.4243656919854888	-1.4189766328413906	-1.4141121798115126	-1.4097560538325336	-1.4058877421210858	-1.4024829476901561	-1.399514159503512	-1.396951306555166	-1.3947624563052223	-1.392914519349902	-1.3913739271332202	-1.3901072567091899	-1.3890817847386134	-1.3882659609196975	-1.3876297980854964	-1.3871451817873166	-1.3867861061728777	-1.386528845446933	-1.3863520713986124	-1.386236927682082	-1.386167071034229	-1.3861286886579762	-1.3861104997929328	-1.3861037481809833	-1.3861021908070945
-1.9327891064510319	-1.9144891629307177	-1.8963525451908168	-1.8783818273617547	-1.8605797510669715	-1.8429492553425504	-1.8254935094884048	-1.8082159489975087	-1.7911203147001498	-1.7742106952423427	-1.7574915729885914	-1.7409678733947516	-1.7246450178320314	-1.7085289797515766	-1.6926263439529825	-1.6769443685500431	-1.661491049002142	-1.6462751832873899	-1.631306436920271	-1.6165954060482512	-1.6021536762855497	-1.587993874248904	-1.5741297079469196	-1.5605759912516046	-1.5473486466762407	-1.5344646796536365	-1.5219421165459344	-1.509799897860051	-1.4980577177831487	-1.4867358014338792	-1.4758546124310028	-1.465434485802911	-1.4554951851442524	-1.446055388387323	-1.437132113489804	-1.428740103322128	-1.4208911972650746	-1.4135937243407428	-1.4068519577108096	-1.4006656717261057	-1.3950298394102845	-1.3899345000234637	-1.3853648138180523	-1.3813013058207635	-1.3777202846439065	-1.37459440829854	-1.3718933587303863	-1.3695845815064336	-1.3676340469438881	-1.366006993295299	-1.3646686200810474	-1.3635847087589907	-1.3627221572151538	-1.3620494229560867	-1.3615368767131806	-1.3611570731629095	-1.3608849486668753	-1.360697957580831	-1.3605761591047223	-1.3605022661910586	-1.3604616670049627	-1.3604424280829013	-1.3604352868482064	-1.3604336396276262
-1.9186358924479026	-1.9001397953571955	-1.8818071758986943	-1.8636405362099076	-1.8456425218528982	-1.8278159505721543	-1.8101638440825694	-1.7926894630565675	-1.7753963454754975	-1.7582883485005503	-1.7413696939992798	-1.7246450178320314	-1.7081194229533414	-1.6917985363108237	-1.6756885694206187	-1.6597963823551196	-1.6441295506842466	-1.6286964346530248	-1.613506249540706	-1.5985691357141771	-1.5838962263439285	-1.569499710079931	-1.5553928851765146	-1.54159020060839	-1.528107278648681	-1.5149609122223122	-1.502169029177627	-1.489750614555668	-1.4777255811575531	-1.4661145784581298	-1.4549387304911303	-1.4442192950808308	-1.4339772400543023	-1.424232737090918	-1.4150045807157738	-1.4063095483742107	-1.39816172687109	-1.3905718395972722	-1.3835466163868553	-1.3770882518814123	-1.371193997456217	-1.3658559252607387	-1.361060890915419	-1.3567907052079384	-1.353022507032748	-1.3497293125915675	-1.3468807021296876	-1.3444435970642241	-1.34238307797647	-1.3406631971457512	-1.3392477467694366	-1.3381009539740412	-1.3371880844093336	-1.3364759461961293	-1.335933294326822	-1.3355311418551339	-1.3352429883259083	-1.3350449781266764	-1.3349160021685993	-1.3348377559362103	-1.33479476585893	-1.3347743944577286	-1.334766833031504	-1.3347650889176401
-1.9047267415828282	-1.8860304242496262	-1.8674978016384411	-1.8491313287837732	-1.8309335797770354	-1.8129072751414461	-1.7950553123243065	-1.7773807994954256	-1.7598870928417738	-1.7425778375448255	-1.7254570126168127	-1.7085289797515766	-1.6917985363108237	-1.6752709725119301	-1.6589521328019605	-1.6428484812855388	-1.6269671709108153	-1.6113161158947917	-1.5959040665713053	-1.580740685454202	-1.5658366228053442	-1.5512035893625402	-1.5368544230985284	-1.522803145937437	-1.509065005249487	-1.495656493698858	-1.4825953396846954	-1.4699004592876403	-1.4575918594694333	-1.4456904814989464	-1.4342179735005791	-1.4231963820160514	-1.4126477549509295	-1.4025936526241265	-1.3930545700966541	-1.384049282491457	-1.3755941351695635	-1.3677023114036917	-1.3603831200523715	-1.3536413527717839	-1.3474767625706725	-1.3418837115594102	-1.336851025106541	-1.3323620731716916	-1.3283950795359993	-1.3249236391094448	-1.321917405740107	-1.3193429006354347	-1.3171643860544373	-1.3153447503333373	-1.3138463573294068	-1.31263182403268	-1.3116647022534282	-1.310910052085809	-1.3103349049728648	-1.3099086219720855	-1.3096031580936407	-1.309393246576689	-1.309256518107896	-1.3091735697583307	-1.3091279972788143	-1.3091064027270154	-1.3090983874824405	-1.3090965387240703
-1.8910716997797257	-1.872170886463632	-1.8534340214003324	-1.8348635395057262	-1.8164619703372584	-1.7982319638504562	-1.780176319349064	-1.7622980178358234	-1.7446002579758089	-1.7270864958863756	-1.709760488964657	-1.6926263439529825	-1.6756885694206187	-1.6589521328019605	-1.6424225220705204	-1.626105812036402	-1.6100087351222783	-1.5941387562861271	-1.5785041515026568	-1.563114088870876	-1.5479787109613583	-1.5331092164303568	-1.518517938185699	-1.5042184144706612	-1.4902254481243267	-1.4765551479826147	-1.4632249449324672	-1.4502535735914468	-1.4376610090832993	-1.4254683471188725	-1.4136976148642164	-1.4023715002709682	-1.391512989123362	-1.381144902512459	-1.3712893332016454	-1.3619669876001763	-1.3531964506165495	-1.3449934027494734	-1.337369830948156	-1.33033328498736	-1.3238862370013609	-1.3180256012726757	-1.312742463123025	-1.3080220499970017	-1.3038439564323938	-1.300182610850086	-1.297007949903367	-1.2942862490960576	-1.2919810488816987	-1.290054114163767	-1.2884663710626207	-1.2871787758888122	-1.286153084904932	-1.2853525072964507	-1.2847422360343894	-1.2842898609791118	-1.2839656753130477	-1.283742890374343	-1.2835977756607513	-1.2835097407602933	-1.2834613748011994	-1.2834384571669946	-1.2834299510446001	-1.2834279890995968
-1.8776814443069154	-1.8585716786977329	-1.8396261177441218	-1.8208472051733067	-1.8022374551927716	-1.7837994763774265	-1.765535998814976	-1.7474499047339696	-1.7295442628467477	-1.711822366645642	-1.6942877768938396	-1.6769443685500431	-1.6597963823551196	-1.6428484812855388	-1.626105812036402	-1.60957407162911	-1.5932595791356006	-1.5771693523600896	-1.5613111891054567	-1.5456937523557603	-1.5303266583069732	-1.5152205656490492	-1.5003872638164273	-1.4858397570528878	-1.4715923400565787	-1.4576606596679877	-1.4440617555445747	-1.4308140710710089	-1.41793742397696	-1.4054529244423328	-1.3933828271268673	-1.3817503029439049	-1.370579116997096	-1.3598932014868041	-1.3497161171468268	-1.3400704043335825	-1.3309768353662563	-1.3224535926498948	-1.3145154112874655	-1.3071727382686096	-1.3004309702536243	-1.2942898356629595	-1.288742982067189	-1.2837778160033055	-1.279375620535554	-1.2755119493044411	-1.2721572689324894	-1.2692777991017918	-1.2668364849493288	-1.2647940313031778	-1.2631099322689765	-1.261743440667147	-1.2606544368536208	-1.2598041725512803	-1.259155880101656	-1.2586752495338445	-1.258330784436688	-1.25809405289047	-1.257939852163718	-1.2578463061866492	-1.2577949136559532	-1.2577705625885973	-1.2577615246670089	-1.2577594401034806
-1.864567276581306	-1.8452439588944223	-1.8260850665880228	-1.807093082837018	-1.7882705377491905	-1.7696200301163572	-1.7511442524746788	-1.7328460197163582	-1.7147283015044872	-1.696794258752031	-1.679047284433492	-1.661491049002142	-1.6441295506842466	-1.6269671709108153	-1.6100087351222783	-1.5932595791356006	-1.576725621187699	-1.5604134396526494	-1.544330356258129	-1.528484524380969	-1.5128850216597705	-1.4975419456978636	-1.482466511011498	-1.4676711445726403	-1.4531695762698071	-1.4389769193359272	-1.4251097342547747	-1.411586067869593	-1.3984254574359793	-1.3856488873117592	-1.3732786840811764	-1.361338334514551	-1.3498522103534862	-1.3388451851053156	-1.3283421315300554	-1.3183672949732048	-1.3089435475682054	-1.3000915415315355	-1.291828795444098	-1.284168763716635	-1.2771199535878657	-1.2706851626558877	-1.2648609099613695	-1.2596371231051477	-1.2549971229854635	-1.2509179191658784	-1.2473707973880397	-1.2443221519648502	-1.2417344947157039	-1.239567561757152	-1.237779440293879	-1.236327647702601	-1.2351701113606532	-1.2342660161757282	-1.2335765044896123	-1.2330652278471674	-1.232698761042558	-1.2324468957909631	-1.232282834832324	-1.2321833080408817	-1.2321286310185877	-1.2321027244171203	-1.2320931094198333	-1.232090891802546
-1.8517411021447148	-1.8321995358571694	-1.8128225363697745	-1.7936126582969882	-1.774572480676848	-1.7557046263060336	-1.7370117844176096	-1.7184967369627902	-1.7001623887687078	-1.6820118018552264	-1.66404823420463	-1.6462751832873899	-1.6286964346530248	-1.6113161158947917	-1.5941387562861271	-1.5771693523600896	-1.5604134396526494	-1.5438771707462884	-1.5275673996187416	-1.5114917721051706	-1.495658821999212	-1.4800780719216835	-1.4647601375433588	-1.4497168330226402	-1.4349612745698042	-1.4205079778368193	-1.4063729433226417	-1.39257372216389	-1.3791294525708415	-1.3660608548484419	-1.3533901705815927	-1.3411410294579715	-1.3293382258030615	-1.3180073868376925	-1.3071745167198678	-1.2968654054503883	-1.287104900449104	-1.2779160514033325	-1.269319155472477	-1.2613307486519822	-1.2539626073726091	-1.2472208385243642	-1.241105141995936	-1.2356083242460523	-1.2307161231553998	-1.2264073751521563	-1.2226545199922805	-1.2194244031125192	-1.216679306735274	-1.2143781236789923	-1.2124775839367266	-1.2109334522711894	-1.2097016318470057	-1.2087391298795718	-1.2080048623557513	-1.207460293129055	-1.2070699165412877	-1.206801601814437	-1.2066268222640721	-1.2065207938100377	-1.2064625463065326	-1.206434948785745	-1.2064247065128142	-1.2064223442723305
-1.8392153951623542	-1.8194508443696351	-1.79985087384845	-1.7804181425147538	-1.7611553127293926	-1.7420650669285578	-1.7231501276072378	-1.7044132809386006	-1.68585740432325	-1.6674854981744838	-1.6493007222583715	-1.631306436920271	-1.613506249540706	-1.5959040665713053	-1.5785041515026568	-1.5613111891054567	-1.544330356258129	-1.5275673996187416	-1.5110287203048791	-1.4947214655957672	-1.478653627446107	-1.462834147274077	-1.447273026024498	-1.431981437872765	-1.4169718450807218	-1.402258110393017	-1.3878556019235502	-1.3737812836881218	-1.360053782777675	-1.346693421669851	-1.3337222014567565	-1.321163719053943	-1.3090429991429282	-1.2973862202821158	-1.2862203151085052	-1.2755724278268288	-1.2654692192616546	-1.2559360214255508	-1.2469958600155122	-1.238668383610825	-1.2309687602972577	-1.2239066221883719	-1.2174851510619038	-1.2117003994147346	-1.206540927685921	-1.2019878103560813	-1.1980150250173622	-1.1945901963261227	-1.1916756291947257	-1.189229539609971	-1.187207380862644	-1.1855631676154417	-1.1842507167476792	-1.1832247471805912	-1.1824418057218085	-1.181861008329576	-1.1814446037106174	-1.1811583780411814	-1.1809719262082277	-1.18085881731819	-1.1807966815281086	-1.1807672426456888	-1.1807563173169762	-1.1807537975984372
-1.8270031446229238	-1.8070109028544283	-1.7871830734952685	-1.7675224528536102	-1.7480318217949742	-1.7287139593800056	-1.7095716598344246	-1.6906077531588615	-1.6718251296975766	-1.6532267689975901	-1.6348157733035333	-1.6165954060482512	-1.5985691357141771	-1.580740685454202	-1.563114088870876	-1.5456937523557603	-1.528484524380969	-1.5114917721051706	-1.4947214655957672	-1.4781802698634678	-1.4618756447360062	-1.445815952339471	-1.4300105715768974	-1.414470018454774	-1.399206070361244	-1.3842318913896734	-1.369562154468177	-1.3552131543414687	-1.3412029033118937	-1.3275511990698086	-1.3142796509819488	-1.3014116480155704	-1.2889722483692427	-1.2769879683841447	-1.2654864472063936	-1.254495965006597	-1.2440447975637325	-1.234160399881481	-1.2248684270090868	-1.2161916212274297	-1.2081486195731284	-1.200752760788207	-1.1940109909891206	-1.187922976695429	-1.1824805273678256	-1.1776674052776928	-1.1734595607891547	-1.169825782852037	-1.166728707292104	-1.1641260887959726	-1.1619722227408922	-1.1602194019645973	-1.1588193084429868	-1.1577242649611152	-1.1568883007664144	-1.1562680124309508	-1.155823223223209	-1.1555174597529934	-1.1553182736567722	-1.1551974397350686	-1.155131061694981	-1.155099613896392	-1.1550879433902814	-1.1550852518781394
-1.8151177793527344	-1.7948932504419786	-1.774832727160417	-1.7549391757128385	-1.7352155306874268	-1.7156647054265683	-1.696289605667777	-1.677093146790892	-1.6580782750194318	-1.6392479929367583	-1.6206053896918915	-1.6021536762855497	-1.5838962263439285	-1.5658366228053442	-1.5479787109613583	-1.5303266583069732	-1.5128850216597705	-1.495658821999212	-1.478653627446107	-1.4618756447360062	-1.4453318194220577	-1.4290299448500683	-1.4129787796510986	-1.3971881730565565	-1.3816691967091006	-1.3664342807612722	-1.3514973508548602	-1.3368739609844538	-1.322581415198072	-1.3086388685251282	-1.2950673944402489	-1.2818900026496483	-1.2691315872426125	-1.2568187817113587	-1.2449796947139944	-1.233643499772066	-1.2228398547031454	-1.2125981340090068	-1.202946471032483	-1.1939106271157822	-1.185512731478334	-1.1777699652415037	-1.1706932907888772	-1.1642863465458202	-1.1585446302681999	-1.1534550763673233	-1.1489960946895645	-1.1451380853159798	-1.1418443868369803	-1.1390725662525596	-1.1367759269170896	-1.1349051013596139	-1.133409606990094	-1.1322392687472655	-1.1313454458338028	-1.1306820326029232	-1.1302062313713133	-1.1298791150062786	-1.1296660093234798	-1.1295367307723139	-1.1294657153113814	-1.1294320715399304	-1.129419586508061	-1.1294167072222763
-1.8035730690397367	-1.7831118602832239	-1.7628139505467648	-1.7426825068508895	-1.7227206518090143	-1.702931470489332	-1.6833180204316243	-1.663883345187048	-1.644630491761856	-1.6255625323593845	-1.606682590829278	-1.587993874248904	-1.569499710079931	-1.5512035893625402	-1.5331092164303568	-1.5152205656490492	-1.4975419456978636	-1.4800780719216835	-1.462834147274077	-1.445815952339471	-1.4290299448500683	-1.4124833689806473	-1.396184374484443	-1.3801421453899765	-1.364367037464997	-1.3488707229107595	-1.3336663397054984	-1.3187686415870314	-1.3041941427607242	-1.2899612489556167	-1.27609036336945	-1.2626039523445578	-1.2495265514188352	-1.2368846880048385	-1.2247066929499129	-1.213022370571698	-1.2018624968133413	-1.1912581196521146	-1.1812396466806694	-1.1718357233416545	-1.1630719319540648	-1.1549693746577117	-1.1475432381506088	-1.1408014672596967	-1.1347436891378437	-1.1293605225222911	-1.1246333737049896	-1.120534766142206	-1.1170291843435325	-1.1140743492541652	-1.1116227955076436	-1.109623599215007	-1.108024109509099	-1.1067715624196264	-1.1058144926994469	-1.105103898603838	-1.1045941492387468	-1.1042436500695048	-1.1040152985938887	-1.1038767701074987	-1.1038006749565568	-1.1037646258648488	-1.103751248699232	-1.103748163757512
-1.7923829987505204	-1.7716810260889502	-1.7511412830281765	-1.7307671655569588	-1.7105620165426467	-1.6905291288983313	-1.6706717517236354	-1.6509930998214952	-1.6314963670086429	-1.6121847436526338	-1.5930614388837703	-1.5741297079469196	-1.5553928851765146	-1.5368544230985284	-1.518517938185699	-1.5003872638164273	-1.482466511011498	-1.4647601375433588	-1.447273026024498	-1.4300105715768974	-1.4129787796510986	-1.396184374484443	-1.3796349185392367	-1.3633389430102716	-1.3473060890935271	-1.3315472591066235	-1.316074775674213	-1.3009025459490113	-1.286046226128365	-1.2715233792360805	-1.2573536161664172	-1.2435587062645743	-1.2301626392629486	-1.2171916153787672	-1.2046739352362852	-1.1926397568080986	-1.1811206840593007	-1.1701491532320312	-1.1597575899395516	-1.1499773256745291	-1.1408372874567907	-1.1323625087904046	-1.1245725505038677	-1.1174799593893827	-1.111088920773514	-1.1053942675327426	-1.1003809851456905	-1.096024299861976	-1.092290363714915	-1.089137471888792	-1.0865176828762408	-1.0843786736820693	-1.0826656562305514	-1.0813232032073192	-1.0802968717513657	-1.0795345598970434	-1.0789875736294818	-1.078611415912238	-1.0783663310489744	-1.0782176490858466	-1.0781359779809025	-1.078097288665877	-1.0780829322895908	-1.0780796216290405
-1.7815616149690219	-1.760615219276308	-1.7398295575868872	-1.7192082788987468	-1.6987549751295217	-1.678473180487777	-1.6583663735578607	-1.6384379825352098	-1.6186913940687004	-1.5991299661852396	-1.579757045789726	-1.5605759912516046	-1.54159020060839	-1.522803145937437	-1.5042184144706612	-1.4858397570528878	-1.4676711445726403	-1.4497168330226402	-1.431981437872765	-1.414470018454774	-1.3971881730565565	-1.3801421453899765	-1.3633389430102716	-1.3467864680978265	-1.330493660725287	-1.3144706542710418	-1.2987289419338528	-1.2832815522630323	-1.2681432301337774	-1.2533306175395167	-1.23886242580484	-1.2247595872181147	-1.2110453695671093	-1.197745431675752	-1.184887792042003	-1.1725026766714344	-1.1606222072954575	-1.1492798890957392	-1.1385098602147277	-1.1283458765229015	-1.118820026927533	-1.1099612081906622	-1.101793432173251	-1.0943340868191425	-1.087592314665842	-1.0815676959758234	-1.0762494156425717	-1.0716160482706656	-1.0676360193531642	-1.0642687082282993	-1.0614660725023344	-1.0591746140172686	-1.0573374843870502	-1.055896542989584	-1.0547942218907203	-1.0539751060612765	-1.0533871901363843	-1.0529828159788337	-1.0527193246907993	-1.0525594727620204	-1.0524716673413643	-1.0524300735075955	-1.0524146399537573	-1.0524110810038212
-1.7711228420400738	-1.7499289148112924	-1.728893738183764	-1.7080212326266881	-1.6873152629418575	-1.6667796338543117	-1.6464180879672279	-1.6262343065491685	-1.6062319136483807	-1.5864144840532663	-1.566785555640807	-1.5473486466762407	-1.528107278648681	-1.509065005249487	-1.4902254481243267	-1.4715923400565787	-1.4531695762698071	-1.4349612745698042	-1.4169718450807218	-1.399206070361244	-1.3816691967091006	-1.364367037464997	-1.3473060890935271	-1.330493660725287	-1.3139380176564164	-1.2976485389712824	-1.2816358889157864	-1.2659122008158383	-1.2504912710967009	-1.235388759176248	-1.2206223865180228	-1.2062121247670559	-1.1921803584994608	-1.1785520026142522	-1.1653545478633167	-1.1526180008310833	-1.1403746776950978	-1.1286588058557088	-1.1175058863765042	-1.1069517762750463	-1.0970314665613166	-1.087777562412878	-1.0792185165740193	-1.0713767222508235	-1.0642666279898885	-1.0578930795364323	-1.0522501059134688	-1.047320336840138	-1.0430751651459154	-1.0394756644900331	-1.0364741642631898	-1.0340162972983395	-1.0320432913310136	-1.0304942771348793	-1.0293084261338776	-1.0284267912101381	-1.0277937888275117	-1.027358315538236	-1.0270745310309548	-1.0269023623602698	-1.0268077926082346	-1.0267629960422027	-1.0267463747777694	-1.0267425420744851
-1.7610802690999956	-1.7396363849093264	-1.718348722787642	-1.6972214860357016	-1.6762588295647562	-1.6554648518704411	-1.6348435889262647	-1.6143990104881663	-1.5941350193376833	-1.574055454024373	-1.5541640956986014	-1.5344646796536365	-1.5149609122223122	-1.495656493698858	-1.4765551479826147	-1.4576606596679877	-1.4389769193359272	-1.4205079778368193	-1.402258110393017	-1.3842318913896734	-1.3664342807612722	-1.3488707229107595	-1.3315472591066235	-1.3144706542710418	-1.2976485389712824	-1.2810895672150049	-1.2648035902698909	-1.2488018460984924	-1.233097163013186	-1.2177041746740997	-1.202639541402186	-1.1879221697579463	-1.1735734182294963	-1.1596172714947797	-1.1460804589865101	-1.1329924855373639	-1.1203855332731245	-1.1082941858681652	-1.0967549209122076	-1.0858053166660875	-1.0754829300407267	-1.065823827537924	-1.0568607930684428	-1.0486212951533183	-1.0411253638546045	-1.0343835902305258	-1.0283954980921626	-1.0231485300957144	-1.0186178282467893	-1.0147668802745615	-1.0115489730992953	-1.008909276956509	-1.0067873084823524	-1.0051195023523498	-1.003841654117585	-1.002891063307	-1.0022082831466286	-1.001738452976013	-1.001432241244431	-1.0012464582517682	-1.0011444111839314	-1.0010960743941975	-1.0010781403348608	-1.0010740050640623
-1.7514469091305962	-1.7297514612275435	-1.7082091116318587	-1.6868243492527757	-1.6656016280532273	-1.6445453557479441	-1.6236598838825147	-1.602949499794765	-1.5824184210076053	-1.562070792647495	-1.5419106885242424	-1.5219421165459344	-1.502169029177627	-1.4825953396846954	-1.4632249449324672	-1.4440617555445747	-1.4251097342547747	-1.4063729433226417	-1.3878556019235502	-1.369562154468177	-1.3514973508548602	-1.3336663397054984	-1.316074775674213	-1.2987289419338528	-1.2816358889157864	-1.2648035902698909	-1.2482411167735945	-1.2319588284801566	-1.215968584657802	-1.2002839698988703	-1.1849205329969499	-1.1698960325818064	-1.1552306798109053	-1.140947363373375	-1.127071835439241	-1.1136328289012587	-1.1006620665476632	-1.0881941124908634	-1.0762660069921113	-1.0649166207394207	-1.054185668015661	-1.044112335423887	-1.034733519070075	-1.0260817208113446	-1.0181827298035542	-1.011053296590394	-1.0046990716612698	-0.999113102817327	-0.9942751458455977	-0.9901519385136588	-0.9866984398828299	-0.9838598846864867	-0.9815743879483173	-0.9797757853187732	-0.9783964129785233	-0.9773695994770325	-0.9766317327766467	-0.9761238534907384	-0.975792793645579	-0.9755919235745247	-0.9754815897852831	-0.9754293296282504	-0.9754099407776113	-0.9754054702317271
-1.7422349336534162	-1.7202872680506665	-1.6984889420647717	-1.6768447230892038	-1.6553593632152102	-1.6340375851918298	-1.6128840691455868	-1.591903440551483	-1.5711002600081656	-1.5504790154294446	-1.5300441173205792	-1.509799897860051	-1.489750614555668	-1.4699004592876403	-1.4502535735914468	-1.4308140710710089	-1.411586067869593	-1.39257372216389	-1.3737812836881218	-1.3552131543414687	-1.3368739609844538	-1.3187686415870314	-1.3009025459490113	-1.2832815522630323	-1.2659122008158383	-1.2488018460984924	-1.2319588284801566	-1.2153926663321852	-1.1991142689820298	-1.1831361700066327	-1.1674727789747545	-1.1521406475961615	-1.1371587430552954	-1.1225487167727324	-1.1083351506090837	-1.0945457543255113	-1.0812114778746091	-1.0683664902047738	-1.0560479639299372	-1.0442955949260788	-1.033150781830064	-1.022655398458199	-1.012850119273559	-1.0037723100603346	-0.9954535739534053	-0.9879171386366178	-0.9811753632843432	-0.9752277029312238	-0.9700594621845324	-0.9656415831003327	-0.9619315550121118	-0.9588753473255578	-0.9564101039021805	-0.9544672441792624	-0.9529756084085338	-0.951864348688945	-0.9510653714091714	-0.9505152457809012	-0.9501565828129971	-0.9499389486559022	-0.949819406255161	-0.9497627863210599	-0.9497417809505714	-0.949736937879821
-1.7334553887087134	-1.7112559311851874	-1.6892013935967578	-1.6672968037857256	-1.6455471998419737	-1.6239576140642251	-1.6025330570003338	-1.5812785020234907	-1.5601988709760417	-1.5392990214876061	-1.5185837366476724	-1.4980577177831487	-1.4777255811575531	-1.4575918594694333	-1.4376610090832993	-1.41793742397696	-1.3984254574359793	-1.3791294525708415	-1.360053782777675	-1.3412029033118937	-1.322581415198072	-1.3041941427607242	-1.286046226128365	-1.2681432301337774	-1.2504912710967009	-1.233097163013186	-1.215968584657802	-1.1991142689820298	-1.1825442158907742	-1.166269928890962	-1.1503046750778756	-1.1346637662448278	-1.1193648562889942	-1.1044282461860964	-1.089877182202355	-1.0757381252720344	-1.0620409592558475	-1.048819093076984	-1.0361093971324007	-1.0239518996885948	-1.0123891577651145	-1.0014652151304964	-0.9912240755065744	-0.9817076606761541	-0.9729532969819434	-0.964990877536455	-0.9578399651908993	-0.9515072008597415	-0.9459844218942602	-0.9412478422390976	-0.9372584947473908	-0.9339639202132205	-0.9313008710367775	-0.9291986454018067	-0.9275826180888134	-0.9263775835204895	-0.9255106406131312	-0.9249134824695477	-0.9245240707819182	-0.9242877564431697	-0.9241579517880548	-0.9240964732639406	-0.9240736665286214	-0.9240684083624794
-1.7251179000001613	-1.702668269718401	-1.6803584693337208	-1.65819375764017	-1.6361794344602574	-1.6143208235329134	-1.5926232547765657	-1.5710920463205853	-1.5497324867850648	-1.5285498183789323	-1.5075492214778063	-1.4867358014338792	-1.4661145784581298	-1.4456904814989464	-1.4254683471188725	-1.4054529244423328	-1.3856488873117592	-1.3660608548484419	-1.346693421669851	-1.3275511990698086	-1.3086388685251282	-1.2899612489556167	-1.2715233792360805	-1.2533306175395167	-1.235388759176248	-1.2177041746740997	-1.2002839698988703	-1.1831361700066327	-1.166269928890962	-1.1496957654493638	-1.1334258273098805	-1.1174741814383715	-1.1018571290211532	-1.0865935388270056	-1.0717051884403046	-1.0572170957860465	-1.0431578136870276	-1.0295596473965007	-1.0164587391761193	-1.0038949460302375	-0.9919114193284461	-0.9805537834134509	-0.9698688126220715	-0.9599025332411522	-0.9506977395473257	-0.9422910163907147	-0.9347094963763194	-0.927967718973945	-0.9220650542989669	-0.9169841542880751	-0.9126907695026755	-0.9091350382862777	-0.9062540825878856	-0.903975518888323	-0.9022213801921263	-0.9009119631515184	-0.8999692313171299	-0.8993195652240726	-0.8988958008432594	-0.8986386092074786	-0.8984973336790345	-0.8984304243307356	-0.8984056041878778	-0.8983998820962884
-1.7172303772349948	-1.6945334802841931	-1.6719706627635602	-1.6495473735106025	-1.6272691373293364	-1.605141537877131	-1.5831701992464893	-1.561360766542198	-1.539718885848406	-1.518250184082058	-1.4969602493365954	-1.4758546124310028	-1.4549387304911303	-1.4342179735005791	-1.4136976148642164	-1.3933828271268673	-1.3732786840811764	-1.3533901705815927	-1.3337222014567565	-1.3142796509819488	-1.2950673944402489	-1.27609036336945	-1.2573536161664172	-1.23886242580484	-1.2206223865180228	-1.202639541402186	-1.1849205329969499	-1.1674727789747545	-1.1503046750778756	-1.1334258273098805	-1.1168473150079539	-1.1005819856264099	-1.0846447806072104	-1.0690530892576906	-1.053827123636135	-1.038990301469681	-1.0245696153990187	-1.0105959546545085	-0.9971043291325715	-0.9841339259339741	-0.9717279063129552	-0.9599328306505115	-0.9487975880107009	-0.9383717166326895	-0.9287030467311024	-0.9198346897788958	-0.9118015409357942	-0.9046266337914052	-0.8983178417137817	-0.892865491211833	-0.8882413821144614	-0.884399485636878	-0.8812782704934047	-0.8788042946909996	-0.8768965002222249	-0.8754706102686831	-0.8744431348356191	-0.8737346758042207	-0.8732724146480575	-0.8729918168663203	-0.8728376787385972	-0.8727646795561312	-0.8727376018180104	-0.8727313595735164
