4.1621549772446516	4.129654799111835	4.097188555144243	4.064757340699262	4.032362494714629	4.000005628930079	3.9676886612222364	3.9354138535994037	3.9031838554398113	3.8710017525843	3.838871122907729	3.806796098985324	3.774781438433144	3.7428326024251	3.710955842760989	3.679158297667123	3.647448096238526	3.6158344710644594	3.5843278781036028	3.5529401222813712	3.5216844865663584	3.490575861452713	3.459630870852849	3.428867989432131	3.398307645460025	3.367972302402406	3.3378865118537036	3.308076930139965	3.2785722911548074	3.2494033288452515	3.220602644329627	3.19220451492396	3.1642446453035395	3.136759864454362	3.1097877756945724	3.083366370510629	3.057533619867929	3.0323270586610045	3.00778337979634	2.983938053926685	2.9608249891232328	2.938476241987155	2.9169217881955896	2.8961893566463206	2.8763043276075315	2.8572896919339974	2.8391660657210283	2.8219517528605422	2.805662846859045	2.79031336290641	2.7759153914199217	2.7624792649743792	2.750013731507374	2.738526127816205	2.7280225485219707	2.718508006780997	2.7099865840161854	2.70246156678914	2.695935569625926	2.690410643147268	2.6858883672493903	2.682369929351659	2.6798561878908096	2.678347721318603
4.129654799111835	4.097121305725204	4.064621394353344	4.032155972243628	3.999726175572663	3.9673333968135185	3.934979316024263	3.9026659366142065	3.8703956261911636	3.8381711631334623	3.8059957895601615	3.7738732713856726	3.7418079661327774	3.709804899131663	3.6778698486393524	3.6460094402605057	3.6142312508206262	3.5825439215193136	3.5509572797572995	3.5194824684713977	3.488132081116066	3.456920299597714	3.425863031510151	3.3949780419683186	3.364285074248412	3.333805952400533	3.303564658120302	3.2735873735905345	3.243902481892305	3.2145405170946075	3.1855340573938937	3.156917556760963	3.1287271134433863	3.101000177231988	3.0737752013699735	3.047091248994619	3.020987567617164	2.995503147926929	2.9706762847818142	2.946544158392407	2.923142452380298	2.9005050227503872	2.8786636281878293	2.85764772790683	2.837484349006714	2.8181980213530458	2.7998107747218914	2.7823421905171792	2.765809498857133	2.750227711175794	2.735609778570341	2.7219667667712955	2.709308039636487	2.697641444300438	2.6869734924054756	2.6773095330923997	2.6686539145635155	2.6610101320074873	2.654380960475991	2.648768571926834	2.6441746361092306	2.640600405282997	2.638046782956786	2.6365143769236212
4.097188555144243	4.064621394353344	4.032087634205757	3.999587998281948	3.967123425234717	3.934695094355687	3.9023044548495887	3.869953259375441	3.837643602469349	3.805377964515577	3.7731592619773155	3.740990904630331	3.708876860554639	3.676821729621785	3.644830826157414	3.61291027134552	3.58106709575647	3.5493093521063837	3.5176462379710283	3.4860882276636453	3.4546472118265954	3.423336642471324	3.392171680231967	3.3611693394939075	3.3303486258634094	3.2997306592319973	3.2693387745681965	3.239198591683291	3.2093380447394497	3.179787362383573	3.1505789902730914	3.1217474495391038	3.0933291274518875	3.065362000137804	3.03788529142607	3.0109390764184205	2.9845638427049246	2.9588000257797042	2.933687537664322	2.9092653086751246	2.885570861522357	2.8626399345834854	2.8405061675484236	2.8192008581480943	2.7987527938830965	2.7791881580815168	2.760530505655705	2.7428008008756657	2.726017507453921	2.7101967202242574	2.695352327569448	2.6814961943220013	2.668638355915368	2.656787215897718	2.6459497403630543	2.6361316442713343	2.6273375659281037	2.619571227019869	2.612835576528937	2.607132917578347	2.6024650167958825	2.5988331961570936	2.5962384074960014	2.5946812899846425
4.064757340699262	4.032155972243628	3.999587998281948	3.9670539626863084	3.9345546113292253	3.9020909159257253	3.869664101351889	3.837275676995154	3.8049274727543745	3.7726216803696895	3.740360900820262	3.7081481985771685	3.6759871635328563	3.6438819814390024	3.611837513660384	3.579859386980104	3.5479540940538343	3.5161291048889454	3.4843929893959134	3.452755550601635	3.421227967504905	3.389822945775692	3.3585548735430955	3.3274399783883584	3.296496480388214	3.26574473469954	3.2352073558361134	3.2049093146008047	3.1748779977802535	3.14514322039112	3.115737180701259	3.0866943496219745	3.0580512884939415	3.0298463927675288	3.0021195634509077	2.974911813138919	2.9482648184608293	2.922220435317132	2.896820196728526	2.8721048150062742	2.8481137099814404	2.824884583169402	2.802453054233217	2.7808523714054725	2.760113202225934	2.740263505667226	2.7213284819893007	2.703330592871316	2.6862896417202657	2.670222902577693	2.655145285627998	2.6410695277528933	2.62800639763485	2.6159649063477715	2.6049525159751212	2.5949753403985354	2.5860383338867674	2.57814546441376	2.571299869711104	2.5655039949073815	2.560759711236973	2.5570684157369974	2.554431112122055	2.5528484731624568
4.032362494714629	3.999726175572663	3.967123425234717	3.9345546113292253	3.9020202911668607	3.869521233955831	3.8370584462486534	3.804633201165488	3.7722470720077865	3.739901970946438	3.707600193538094	3.6753444698880906	3.643138023332681	3.610984637549647	3.578888733014696	3.5468554536881767	3.5148907647266787	3.483001561846618	3.451195792699336	3.419482590223619	3.387872417395096	3.35637722206803	3.3250105996844077	3.293787960501612	3.262726696676334	3.2318463430812137	3.2011687242029376	3.1707180780030404	3.1405211463916407	3.11060722118978	3.0810081343841667	3.051758182350172	3.022893975724971	2.994454209837539	2.9664793549720683	2.9390112709885376	2.9120927564835233	2.885767048125018	2.860077290348423	2.8350659986200624	2.8107745405008258	2.787242657593675	2.764508048272703	2.7426060262996206	2.721569264673171	2.701427628045352	2.6822080914436994	2.6639347383792806	2.646628828006386	2.630308918930354	2.6149910364517774	2.6006888702807536	2.5874139907822786	2.5751760733404905	2.5639831222008134	2.553841686959582	2.544757066573024	2.5367334972578615	2.529774321907073	2.523882139633809	2.519058934795286	2.5153061853622694	2.512624950821375	2.5110159399618195
4.000005628930079	3.9673333968135185	3.934695094355687	3.9020909159257253	3.869521233955831	3.8369866196474116	3.8044878666539987	3.772026018270072	3.739602398728199	3.707218649283994	3.6748767698476548	3.642579166998864	3.610328709294133	3.5781287908355934	3.5459834041088016	3.5138972231023686	3.481875697678403	3.4499251600509275	3.418052944025291	3.3862675173284	3.3545786268866253	3.322997456254875	3.2915367935383983	3.2602112070591813	3.2290372246982217	3.198033511316657	3.167221036983272	3.136623227022177	3.106266083307685	3.076178264995968	3.0463911162639974	3.0169386289144247	2.9878573291649957	2.959186080753029	2.9309658006788792	2.9032390893088187	2.8760497827422813	2.8494424416889075	2.823461796823617	2.7981521749051255	2.7735569322038724	2.7497179216152903	2.7266750172225507	2.7044657153784684	2.6831248252534623	2.662684255058066	2.6431728936090013	2.624616581244161	2.6070381597552013	2.590457588192576	2.5748921100732325	2.560356457481772	2.5468630785012207	2.5344223760094855	2.523042947825245	2.512731820228317	2.503494668828216	2.4953360224893952	2.488259447478397	2.4822677101558304	2.477362917404339	2.4735466345902317	2.4708199812388996	2.4691837048029726
3.9676886612222364	3.934979316024263	3.9023044548495887	3.869664101351889	3.8370584462486534	3.8044878666539987	3.7719529481279657	3.7394545099502943	3.706993634203076	3.674571699329007	3.6421904189189767	3.6098518865719296	3.5775586277577416	3.5453136596947235	3.5131205603194733	3.4809835474674706	3.44890756938366	3.4168984076246285	3.3849627932749553	3.3531085371511504	3.3213446742753097	3.2896816223312233	3.258131353032594	3.226707574305185	3.1954259198931343	3.1643041414470376	3.1333622963751484	3.10262292282414	3.0721111912481196	3.0418550203375934	3.011885143893328	2.982235114868679	2.9529412336014893	2.9240423894917216	2.8955798092020695	2.8675967098063326	2.840137861857651	2.8132490744929277	2.786976621603184	2.7613666338533265	2.7364644850698125	2.712314202623654	2.688957929702592	2.6664354630202443	2.644783883180416	2.6240372874923903	2.60422662748598	2.585379646567748	2.5675209078204064	2.5506718982066903	2.5348511934401046	2.520074667344032	2.506355730312606	2.493705583130131	2.4821334745317287	2.4716469531834964	2.462252106990153	2.4539537846455737	2.446755796040047	2.440661089495337	2.435671904821048	2.431789901903426	2.4290162649932956	2.4273517831005464
3.9354138535994037	3.9026659366142065	3.869953259375441	3.837275676995154	3.804633201165488	3.772026018270072	3.7394545099502943	3.706919276608517	3.674421164408659	3.641961296420533	3.609541108647257	3.5771623917732467	3.544827339571032	3.5125386050040874	3.4802993651534653	3.4481133961689583	3.4159851594880637	3.383919900560741	3.351923761242989	3.3200039068491862	3.288168668548665	3.256427701317186	3.2247921569668576	3.1932748708376355	3.16189055950567	3.1306560253311098	3.0995903618425182	3.068715151893781	3.0380546483505566	3.007635924960674	2.97748898331163	2.9476468007258836	2.9181453039810714	2.8890232552414723	2.860322039826762	2.8320853505080947	2.804358769714025	2.777189258823713	2.750624571785972	2.724712617586371	2.699500801520951	2.6750353779470752	2.6513608466870524	2.628519421588434	2.6065505934401085	2.585490801439512	2.565373218822801	2.5462276501841625	2.528080531270232	2.510955017152284	2.4948711418103504	2.479846031169724	2.46589415217119	2.4530275820964147	2.441256284668495	2.4305883820200895	2.421030414170884	2.412587579980465	2.405263955525779	2.3990626874466914	2.3939861600097747	2.390036135491428	2.387213868025331	2.385520191350783
3.9031838554398113	3.8703956261911636	3.837643602469349	3.8049274727543745	3.7722470720077865	3.739602398728199	3.706993634203076	3.674421164408659	3.6418856050890693	3.6093878306337928	3.5769290074697944	3.5445106327895064	3.51213457954707	3.479803148769175	3.447519130338555	3.4152858735098346	3.3831073684979223	3.3509883405230436	3.318934357683135	3.2869519539270295	3.255048768186706	3.223233700353884	3.19151708420871	3.1599108765773662	3.1284288608634645	3.0970868616288856	3.06590296507936	3.034897738164452	3.004094436615102	2.9735191897775213	2.9432011478157794	2.913172575099146	2.883468872793159	2.8541285142943207	2.825192879594491	2.796705979180534	2.768714064640597	2.7412651313674496	2.714408327835049	2.6881932947644724	2.6626694648239364	2.63788535815479	2.613887910170074	2.5907218654828292	2.5684292658649435	2.5470490517352546	2.5266167870796883	2.5071645082257543	2.4887206886416817	2.471310305654257	2.4549549910016646	2.4396732453972696	2.4254806974381227	2.4123903887591354	2.4004130697879194	2.389557493324631	2.3798306960821334	2.371238261014162	2.3637845555779498	2.3574729429541383	2.35230596467411	2.348285494116274	2.3454128609835547	2.3436889472280926
3.8710017525843	3.8381711631334623	3.805377964515577	3.7726216803696895	3.739901970946438	3.707218649283994	3.674571699329007	3.641961296420533	3.6093878306337928	3.5768519335696225	3.544354509274904	3.5118967700890757	3.479480278330656	3.447106994863825	3.414779335714293	3.3825002380300786	3.3502732367970305	3.318102553807634	3.2859932004263674	3.253951095670465	3.2219832009994556	3.1900976729391015	3.158304034207351	3.1266133633060074	3.0950385015342676	3.063594275015145	3.0322977275648464	3.0011683580716726	2.9702283535310023	2.9395028061289987	2.9090199000021144	2.8788110508590035	2.8489109799828425	2.819357703759803	2.7901924213318643	2.7614592866711205	2.7332050574940836	2.7054786217749554	2.6783304125103915	2.651811731720182	2.6259740140171313	2.6008680669769433	2.5765433287924235	2.5530471826803565	2.5304243623326506	2.508716474190285	2.487961651811439	2.4681943466508143	2.4494452495888623	2.431741329596149	2.4151059705411972	2.399559184416699	2.3851178788574527	2.3717961582170877	2.359605640045902	2.34855577199317	2.3386541374749763	2.3299067415677523	2.3223182713024126	2.315892326746661	2.3106316209551228	2.30653814807211	2.3036133196520097	2.301858069692142
3.838871122907729	3.8059957895601615	3.7731592619773155	3.740360900820262	3.707600193538094	3.6748767698476548	3.6421904189189767	3.609541108647257	3.5769290074697944	3.544354509274904	3.5118182620501743	3.4793212010298817	3.4468645872257113	3.414450052359947	3.382079651363564	3.3497559237485053	3.317481965306712	3.285261511716954	3.253099035738261	3.220999859713226	3.1889702850654817	3.157017740314158	3.1251509487947193	3.093380116711792	3.0617171412895106	3.0301758375602326	2.998772180682605	2.9675245585663297	2.936454027008701	2.905584556592384	2.874943257430189	2.8445605647721175	2.8144703659523675	2.784710047712676	2.75532044322395	2.726345660732958	2.697832781086779	2.669831419474862	2.6423931571103614	2.6155708602183876	2.5894179151004257	2.5639874174586894	2.539331359980199	2.515499863306517	2.492540491668567	2.4704976862591175	2.449412338205854	2.4293215105640344	2.4102583068417767	2.392251873626039	2.375327517755997	2.3595069144541574	2.3448083816317213	2.331247196662811	2.3188359345598464	2.3075848099807326	2.2975020092695244	2.288594002345181	2.2808658274349893	2.2743213442633463	2.2689634533175114	2.264794280251282	2.2618153254254425	2.260027579106846
3.806796098985324	3.7738732713856726	3.740990904630331	3.7081481985771685	3.6753444698880906	3.642579166998864	3.6098518865719296	3.5771623917732467	3.5445106327895064	3.5118967700890757	3.4793212010298817	3.4467845905307266	3.4142879066499523	3.381832462056554	3.3494199625325036	3.317052563808253	3.2847329382007038	3.2524643526856707	3.2202507601816848	3.188096905929415	3.1560084508939497	3.1239921140587463	3.092055835272922	3.060208959897444	3.0284624458004457	2.9968290921979786	2.9653237883443406	2.9339637780780072	2.902768933689014	2.871762029515389	2.8409690022172325	2.8104191810648382	2.780145468217259	2.7501844464307794	2.7205763906253573	2.6913651609963334	2.662597959524638	2.6343249391380437	2.606598665221488	2.5794734418240624	2.553004528267504	2.527247283969471	2.5022562881172985	2.4780844847246364	2.4547824017625803	2.4323974857282944	2.4109735814543427	2.3905505731111036	2.37116418835706	2.3528459553217695	2.3356232928363645	2.3195197086023667	2.304555077699176	2.290745974395356	2.278106032835872	2.266646315983185	2.2563756764610465	2.247301097131982	2.2394280029728586	2.2327605389072214	2.227301810648369	2.223054087330853	2.220018965838265	2.218197497372824
3.774781438433144	3.7418079661327774	3.708876860554639	3.6759871635328563	3.643138023332681	3.610328709294133	3.5775586277577416	3.544827339571032	3.51213457954707	3.479480278330656	3.4468645872257113	3.4142879066499523	3.3817509190112793	3.3492546269448766	3.316800398010823	3.2843900171272464	3.252025748200464	3.2197104066046656	3.1874474443488956	3.1552410499325907	3.123096265008748	3.091019120013267	3.05901679083492	3.027097778334939	2.995272112005186	2.963551578193803	2.931949972032485	2.9004833703768864	2.8691704206468747	2.8380326373975544	2.807094694817595	2.776384699316395	2.7459344222712447	2.7157794694027486	2.685959360866143	2.6565174958528766	2.6275009781493335	2.5989602853373563	2.5709487743091257	2.543522028966608	2.5167370710287718	2.4906514697120583	2.4653223982547043	2.4408056925784742	2.417154968340503	2.3944208469258803	2.3726503295575516	2.3518863436680904	2.3321674694978305	2.3135278399547885	2.295997194891759	2.2796010630729735	2.26436104132208	2.2502951401242073	2.237418167389538	2.225742126165974	2.2152766069012966	2.2060291596910826	2.198005636332229	2.1912104956713097	2.1856470685970297	2.181317781095744	2.1782243351544994	2.1763678480751305
3.7428326024251	3.709804899131663	3.676821729621785	3.6438819814390024	3.610984637549647	3.5781287908355934	3.5453136596947235	3.5125386050040874	3.479803148769175	3.447106994863825	3.414450052359947	3.381832462056554	3.3492546269448766	3.316717247491831	3.284221362788765	3.2517683987957318	3.219360225112086	3.186999221917565	3.1546883589468147	3.1224312885717076	3.0902324552504217	3.0580972237312993	3.0260320284325877	2.9940445463012595	2.962143895114204	2.930340858533641	2.8986481381621165	2.8670806312471555	2.8356557304538414	2.8043936391756628	2.773317692174885	2.7424546670299463	2.7118350671814273	2.6814933527886597	2.6514680918573355	2.621802002111633	2.5925418549106816	2.563738217102382	2.535445015639369	2.5077189229269385	2.480618577171186	2.454203669423952	2.4285339448567638	2.403668177177831	2.3796631797547185	2.3565729138666236	2.3344477440826137	2.3133338749721952	2.293272985023882	2.274302055755598	2.2564533790005874	2.2397547147427974	2.224229566102064	2.209897536701003	2.1967747376996725	2.184874216069835	2.174206381068006	2.164779411447948	2.1565996311030022	2.149671845187383	2.1439996321888577	2.139585589917182	2.1364315350270733	2.1345386566483753
3.710955842760989	3.6778698486393524	3.644830826157414	3.611837513660384	3.578888733014696	3.5459834041088016	3.5131205603194733	3.4802993651534653	3.447519130338555	3.414779335714293	3.382079651363564	3.3494199625325036	3.316800398010823	3.284221362788765	3.2516835759723843	3.2191881151266095	3.186736468425317	3.1543305962175188	3.121973003863824	3.0896668279484114	3.057415938213527	3.0252250577724054	2.993099904297132	2.9610473549009857	2.9290756372722324	2.897194549181093	2.8654157076637374	2.83375282786067	2.8022220295159324	2.770842166403672	2.7396351703587225	2.708626397156829	2.6778449563800786	2.6473240019953255	2.617100955326367	2.5872176283650816	2.5577202141251423	2.528659113235487	2.5000885732041613	2.4720661291433896	2.444651851634799	2.4179074270435463	2.391895115104469	2.366676644582166	2.3423121170840213	2.3188589896503973	2.296371198288316	2.2748984687508833	2.25448584060332	2.2351734095364164	2.216996274229408	2.199984660058103	2.1841641835433427	2.169556218428814	2.1561783256518985	2.1440447138413807	2.1331667029520847	2.123553170071272	2.1152109624821414	2.108145268255894	2.1023599387511256	2.0978577604081576	2.094640675236148	2.092709950561644
3.679158297667123	3.6460094402605057	3.61291027134552	3.579859386980104	3.5468554536881767	3.5138972231023686	3.4809835474674706	3.4481133961689583	3.4152858735098346	3.3825002380300786	3.3497559237485053	3.317052563808253	3.2843900171272464	3.2517683987957318	3.2191881151266095	3.1866499044529366	3.154154884981618	3.1217046112529454	3.089301141019905	3.056947114643336	3.024645849387948	2.9924014512814763	2.9602189474356826	2.928104441880582	2.8960652979706327	2.8641103502006273	2.8322501477109356	2.800497230732475	2.7688664395669553	2.7373752532555304	2.706044151717517	2.674896990762318	2.6439613740422727	2.6132689999790655	2.582855955509814	2.552762923059188	2.5230352636940143	2.493722939426119	2.4648802425235914	2.4365653104363334	2.4088394215599145	2.381766088232693	2.3554099863267988	2.329835781720945	2.3051069287622203	2.281284521327791	2.258426271919518	2.2365856792989747	2.2158114234694186	2.1961470024651386	2.177630602561471	2.1602951753474557	2.144168683287662	2.129274470112224	2.115631712647415	2.103255914956845	2.092159412211194	2.0823518590718666	2.0738406844803756	2.066631500924898	2.060728461195258	2.056134559281079	2.0528518745177906	2.05088175952606
3.647448096238526	3.6142312508206262	3.58106709575647	3.5479540940538343	3.5148907647266787	3.481875697678403	3.44890756938366	3.4159851594880637	3.3831073684979223	3.3502732367970305	3.317481965306712	3.2847329382007038	3.252025748200464	3.219360225112086	3.186736468425317	3.154154884981618	3.121616232933489	3.0891216734634854	3.0566728320080476	3.024271871035972	2.99192157675715	2.9596254624706475	2.9273878915798583	2.895214223570523	2.8631109864117565	2.8310860788248577	2.799149005566376	2.7673111481557715	2.735586072178894	2.703989870227453	2.672541536499187	2.641263364924769	2.6101813573410673	2.579325621811009	2.5487307340950185	2.518436028286632	2.4884857769518236	2.458929218366105	2.4298203904160016	2.4012177389877603	2.3731834839776544	2.345782747814225	2.3190824772234793	2.293150214900946	2.2680527988960497	2.2438550793391236	2.2206187418424244	2.198401314325677	2.1772554117385368	2.1572282457056473	2.1383613986260936	2.120690838572417	2.104247135144283	2.089055828024732	2.0751378985732836	2.06251029863053	2.0511864977606513	2.041177018561615	2.0324899380121395	2.025131340196936	2.0191057117070472	2.0144162754370427	2.0110652614961064	2.009054115728287
3.6158344710644594	3.5825439215193136	3.5493093521063837	3.5161291048889454	3.483001561846618	3.4499251600509275	3.4168984076246285	3.383919900560741	3.3509883405230436	3.318102553807634	3.285261511716954	3.2524643526856707	3.2197104066046656	3.186999221917565	3.1543305962175188	3.1217046112529454	3.0891216734634854	3.0565825614140403	3.0240884817777354	2.9916411358377433	2.9592427988303314	2.926896414828707	2.8946057102533067	2.862375329461241	2.8302109961717754	2.798119704660018	2.7661099446028006	2.7341919630604474	2.702378066157776	2.6706829613827687	2.639124138821062	2.6077222858604467	2.57650172475867	2.5454908559342506	2.514722582129815	2.484234680309263	2.454070080380493	2.4242770042181285	2.394908917048525	2.366024248176836	2.3376858508822047	2.3099601924053497	2.282916292687266	2.2566244611017927	2.2311549083948075	2.2065763305273305	2.182954567549285	2.1603514322438864	2.138823781772555	2.1184228755385734	2.0991940300553935	2.081176552513634	2.064403913032928	2.0489041029826396	2.034700122853209	2.0218105461259595	2.010250112998485	2.000030317336956	1.9911599599966678	1.983645650456008	1.9774922459051567	1.9727032223210827	1.9692809757342633	1.9672270540938335
3.5843278781036028	3.5509572797572995	3.5176462379710283	3.4843929893959134	3.451195792699336	3.418052944025291	3.3849627932749553	3.351923761242989	3.318934357683135	3.2859932004263674	3.253099035738261	3.2202507601816848	3.1874474443488956	3.1546883589468147	3.121973003863824	3.089301141019905	3.0566728320080476	3.0240884817777354	2.9915488898945934	2.959055311236303	2.926609528354149	2.8942139381381957	2.8618716558624473	2.829586640134507	2.7973638426982665	2.7652093873835	2.7331307826806666	2.701137172324434	2.6692396277344526	2.637451484976495	2.6057887268175515	2.5742704071725995	2.5429191105097018	2.5117614324121336	2.4808284595097283	2.4501562177576757	2.41978604844706	2.3897648629089985	2.360145221795114	2.3309851856571884	2.3023478927339984	2.274300838811919	2.2469148622432327	2.220262871565722	2.1944183880294057	2.1694540036295105	2.1454398704080666	2.1224423349011845	2.100522812808518	2.079736967448738	2.0601342182086655	2.041757569344038	2.0246437209449257	2.008823405725108	1.994321887822068	1.9811595612178114	1.9693525928915967	1.958913566478016	1.949852093619588	1.9421753707224745	1.93588866753861	1.9309957405837461	1.9274991689224468	1.9254006125846936
3.5529401222813712	3.5194824684713977	3.4860882276636453	3.452755550601635	3.419482590223619	3.3862675173284	3.3531085371511504	3.3200039068491862	3.2869519539270295	3.253951095670465	3.220999859713226	3.188096905929415	3.1552410499325907	3.1224312885717076	3.0896668279484114	3.056947114643336	3.024271871035972	2.9916411358377433	2.959055311236303	2.9265152183751453	2.894022163269552	2.861578015688266	2.829185304005839	2.7968473295414835	2.7645683044222604	2.7323535174995106	2.700209533239622	2.6681444287005034	2.6361680735450093	2.604292457328933	2.5725320667707146	2.540904313046322	2.509430005011314	2.4781338583196777	2.447045022507251	2.4161975983493402	2.3856311067919647	2.3553908597937303	2.3255281746197154	2.2961003693532915	2.267170481793727	2.2388066690980306	2.2110812724082733	2.184069567362642	2.157848262583688	2.1324938460786362	2.10808090537562	2.084680554556073	2.062359087885035	2.0411769485048787	2.0211880588912474	2.00243951647629	1.9849716210047885	1.9688181748073692	1.9540069846931012	1.9405604930867084	1.9284964731849883	1.9178287346859035	1.9085677999297679	1.9007215228624914	1.8942956338064028	1.8892942010964646	1.885720006224037	1.883574832536658
3.5216844865663584	3.488132081116066	3.4546472118265954	3.421227967504905	3.387872417395096	3.3545786268866253	3.3213446742753097	3.288168668548665	3.255048768186706	3.2219832009994556	3.1889702850654817	3.1560084508939497	3.123096265008748	3.0902324552504217	3.057415938213527	3.024645849387948	2.99192157675715	2.9592427988303314	2.926609528354149	2.894022163269552	2.861481546855698	2.828989039439954	2.79654660455158	2.7641569129519215	2.7318234685714344	2.6995507609938505	2.6673444496980543	2.6352115857135683	2.6031608765363723	2.5712029999001818	2.53935097104765	2.5076205661639865	2.4760308012274135	2.4446044602765	2.4133686596343753	2.3823554248116943	2.3516022449031997	2.3211525562506448	2.2910560948495693	2.261369048333249	2.2321539370654913	2.203479163658968	2.1754181936461836	2.148048366874679	2.121449385376146	2.0957015709131643	2.070884023742236	2.0470728336866992	2.024339489866121	2.002749607157154	1.9823620425468667	1.9632284234820752	1.9453930636769197	1.928893207215593	1.9137595224128572	1.9000167619671176	1.8876845120367218	1.8767779656178454	1.8673086709765792	1.8592852209010609	1.8527138613973286	1.8475990083767853	1.8439436678051413	1.8417497590426215
3.490575861452713	3.456920299597714	3.423336642471324	3.389822945775692	3.35637722206803	3.322997456254875	3.2896816223312233	3.256427701317186	3.223233700353884	3.1900976729391015	3.157017740314158	3.1239921140587463	3.091019120013267	3.0580972237312993	3.0252250577724054	2.9924014512814763	2.9596254624706475	2.926896414828707	2.8942139381381957	2.861578015688266	2.828989039439954	2.79644787533625	2.7639559414577217	2.731515302306674	2.6991287831533635	2.6668001090790456	2.634534074065933	2.6023367461480915	2.570215715142772	2.5381803896643764	2.5062423497445625	2.4744157601153116	2.44271784663682	2.411169433974541	2.379795535939286	2.3486259804982303	2.317696039255323	2.2870470167081822	2.2567267392863624	2.2267898707599953	2.197297973014633	2.168319234095285	2.139927803058436	2.112202705514092	2.0852263626398857	2.0590827926207833	2.033855625346801	2.0096260959889656	1.98647119109666	1.9644620993313664	1.9436630732113938	1.9241307497585558	1.9059139201044026	1.8890536919045158	1.8735839597245851	1.8595320879112358	1.8469197144286367	1.835763597523827	1.8260764447290039	1.8178676816148245	1.8111441333661404	1.805910604489911	1.8021703505772733	1.799925441389347
3.459630870852849	3.425863031510151	3.392171680231967	3.3585548735430955	3.3250105996844077	3.2915367935383983	3.258131353032594	3.2247921569668576	3.19151708420871	3.158304034207351	3.1251509487947193	3.092055835272922	3.05901679083492	3.0260320284325877	2.993099904297132	2.9602189474356826	2.9273878915798583	2.8946057102533067	2.8618716558624473	2.829185304005839	2.79654660455158	2.7639559414577217	2.7314142038168026	2.6989228711987083	2.6664841170484417	2.634100934660303	2.601777291076137	2.569518315097084	2.5373305263734416	2.505222113110287	2.4732032660877747	2.44128657614003	2.4094875005470846	2.37782490043672	2.3463216456475986	2.3150052749551553	2.2839086876734345	2.2530708274613267	2.222537301600355	2.1923608613042553	2.16260165459487	2.1333271581948754	2.1046117045073087	2.0765355484804475	2.0491834675799825	2.0226429508625867	1.997002098617953	1.972347406688305	1.9487616349201986	1.9263219493987076	1.9050984852712203	1.8851534124521019	1.8665405164812614	1.8493052464381092	1.8334851407838628	1.8191105230785918	1.806205359757658	1.7947881855405696	1.7848730220615998	1.776470236613378	1.769587306983994	1.7642294735055826	1.7604002701886645	1.7581019335566177
3.428867989432131	3.3949780419683186	3.3611693394939075	3.3274399783883584	3.293787960501612	3.2602112070591813	3.226707574305185	3.1932748708376355	3.1599108765773662	3.1266133633060074	3.093380116711792	3.060208959897444	3.027097778334939	2.9940445463012595	2.9610473549009857	2.928104441880582	2.895214223570523	2.862375329461241	2.829586640134507	2.7968473295414835	2.7641569129519215	2.731515302306674	2.6989228711987083	2.666380532297354	2.6338898307249803	2.601453057697816	2.5690733896456046	2.536755059001795	2.5045035638503306	2.4723259245227056	2.440230995887032	2.408229844190906	2.3763361965199845	2.3445669686770723	2.3129428728908867	2.281489099452293	2.2502360554106517	2.2192201284063224	2.1884844248464903	2.1580794104905365	2.12806336143541	2.0985025198501432	2.0694708485055107	2.0410492979881765	2.013324544408533	1.9863872212714688	1.9603297467894727	1.93524392007408	1.9112185069546404	1.8883370442401597	1.866676056759295	1.846303813928657	1.8272796702359932	1.8096539568728054	1.793468334687802	1.7787564880119446	1.7655450330759934	1.7538545270606085	1.7437004861447347	1.7350943461574155	1.7280443227277045	1.7225561466046686	1.7186336633065882	1.7162792947894079
3.398307645460025	3.364285074248412	3.3303486258634094	3.296496480388214	3.262726696676334	3.2290372246982217	3.1954259198931343	3.16189055950567	3.1284288608634645	3.0950385015342676	3.0617171412895106	3.0284624458004457	2.995272112005186	2.962143895114204	2.9290756372722324	2.8960652979706327	2.8631109864117565	2.8302109961717754	2.7973638426982665	2.7645683044222604	2.7318234685714344	2.6991287831533635	2.6664841170484417	2.6338898307249803	2.6013468607779067	2.568856822308539	2.536422134110325	2.5040461726956083	2.4717334623587286	2.439489909649882	2.4073230916997646	2.375242608565578	2.3432605098177857	2.3113918044472155	2.2796550601490786	2.248073092261078	2.2166737331229385	2.1854906585132308	2.154564228720809	2.1239422784125157	2.0936807642610935	2.0638441572289064	2.0345054549001147	2.0057456971541363	1.9776529033147114	1.9503204129350467	1.923844698750012	1.8983228119978963	1.873849693667217	1.8505156182020206	1.82840401753308	1.8075898677880955	1.7881387276291332	1.7701064209530992	1.7535392792869027	1.738474812413691	1.7249426605215186	1.7129656906678559	1.7025611246397216	1.6937416150101166	1.6865162146047157	1.6808912079485905	1.676870790241513	1.6744575902558532
3.367972302402406	3.333805952400533	3.2997306592319973	3.26574473469954	3.2318463430812137	3.198033511316657	3.1643041414470376	3.1306560253311098	3.0970868616288856	3.063594275015145	3.0301758375602326	2.9968290921979786	2.963551578193803	2.930340858533641	2.897194549181093	2.8641103502006273	2.8310860788248577	2.798119704660018	2.7652093873835	2.7323535174995106	2.6995507609938505	2.6668001090790456	2.634100934660303	2.601453057697816	2.568856822308539	2.536313189258459	2.503823848458763	2.471391357202296	2.439019311150349	2.4067125564636123	2.374477452874979	2.3423221987565612	2.310257230052357	2.278295704881457	2.2464540840038896	2.2147528132795475	2.1832171066170476	2.1518778154851566	2.1207723528396176	2.0899456150730176	2.0594508167034338	2.0293501229286006	1.999714942086593	1.970625733612	1.9421712081784062	1.9144468528035021	1.887552803271578	1.8615911950012982	1.8366632254403417	1.8128662262553776	1.7902910501982816	1.7690200220375614	1.7491256021233728	1.7306697945782838	1.7137042296396778	1.6982707809915603	1.6844025495631731	1.6721250492184765	1.6614574551759724	1.6524138106768582	1.645004122050476	1.6392353014477723	1.635111937974362	1.632636891806417
3.3378865118537036	3.303564658120302	3.2693387745681965	3.2352073558361134	3.2011687242029376	3.167221036983272	3.1333622963751484	3.0995903618425182	3.06590296507936	3.0322977275648464	2.998772180682605	2.9653237883443406	2.931949972032485	2.8986481381621165	2.8654157076637374	2.8322501477109356	2.799149005566376	2.7661099446028006	2.7331307826806666	2.700209533239622	2.6673444496980543	2.634534074065933	2.601777291076137	2.5690733896456046	2.536422134110325	2.503823848458763	2.4712795177390112	2.4387909119542854	2.4063607390981714	2.3739928355034294	2.3416924033360575	2.3094663067449597	2.27732343965871	2.2452751791323253	2.2133359378994575	2.181523827512806	2.1498614379779055	2.1183767296534657	2.0871040168874067	2.056084999264262	2.0253697655670377	1.9950176601130776	1.9650978671505888	1.935689546878971	1.906881359884508	1.8787702581489765	1.8514595058824757	1.8250560138155567	1.7996672010139678	1.7753977021388252	1.7523462810589552	1.7306032775437865	1.7102488125485338	1.6913518413293094	1.6739700114348561	1.6581501849943165	1.6439294347807933	1.6313363177498814	1.620392254680059	1.6111128844602889	1.6035093036838526	1.5975891385937584	1.5933574236609527	1.5908172788528774
3.308076930139965	3.2735873735905345	3.239198591683291	3.2049093146008047	3.1707180780030404	3.136623227022177	3.10262292282414	3.068715151893781	3.034897738164452	3.0011683580716726	2.9675245585663297	2.9339637780780072	2.9004833703768864	2.8670806312471555	2.83375282786067	2.800497230732475	2.7673111481557715	2.7341919630604474	2.701137172324434	2.6681444287005034	2.6352115857135683	2.6023367461480915	2.569518315097084	2.536755059001795	2.5040461726956083	2.471391357202296	2.4387909119542854	2.406245846219564	2.373758015880142	2.341330293303181	2.3089667798741687	2.276673072757298	2.244456599464229	2.2123270355656977	2.180296821882812	2.1483817969699146	2.1166019575043347	2.084982351778828	2.0535540979757845	2.0223554974117097	1.9914331823137983	1.9608431986961883	1.9306518818721377	1.9009363444772116	1.8717843793200863	1.8432935993774915	1.8155697084796243	1.7887239192874536	1.7628696899888068	1.7381190977065195	1.7145792576823715	1.6923491992518696	1.671517519626198	1.652160984592803	1.6343440796299316	1.6181193801016407	1.603528530004506	1.5906035970239178	1.5793685932393657	1.5698409958462631	1.5620331532668148	1.5559535075549862	1.5516075987037312	1.5489988393898062
3.2785722911548074	3.243902481892305	3.2093380447394497	3.1748779977802535	3.1405211463916407	3.106266083307685	3.0721111912481196	3.0380546483505566	3.004094436615102	2.9702283535310023	2.936454027008701	2.902768933689014	2.8691704206468747	2.8356557304538414	2.8022220295159324	2.7688664395669553	2.735586072178894	2.702378066157776	2.6692396277344526	2.6361680735450093	2.6031608765363723	2.570215715142772	2.5373305263734416	2.5045035638503306	2.4717334623587286	2.439019311150349	2.4063607390981714	2.373758015880142	2.341212174700116	2.3087251636712685	2.276300034906631	2.243941182567862	2.211654643537808	2.1794484768150193	2.1473332398088183	2.1153225807969993	2.083433965863146	2.0516895541341706	2.020117225040155	1.9887517431897985	1.9576360180058008	1.926822375439196	1.8963737098480784	1.8663643327138681	1.8368802954826335	1.8080189569659793	1.7798876129832413	1.752601119430302	1.7262786100669505	1.7010395991720375	1.676999908871011	1.6542679168624903	1.6329415588039027	1.6131063614531036	1.5948345824173598	1.5781853513582123	1.5632055877544808	1.549931423656311	1.5383898733204882	1.5286005408454892	1.520577218289993	1.5143292837802853	1.5098628535008545	1.5071816711862207
3.2494033288452515	3.2145405170946075	3.179787362383573	3.14514322039112	3.11060722118978	3.076178264995968	3.0418550203375934	3.007635924960674	2.9735191897775213	2.9395028061289987	2.905584556592384	2.871762029515389	2.8380326373975544	2.8043936391756628	2.770842166403672	2.7373752532555304	2.703989870227453	2.6706829613827687	2.637451484976495	2.604292457328933	2.5712029999001818	2.5381803896643764	2.505222113110287	2.4723259245227056	2.439489909649882	2.4067125564636123	2.3739928355034294	2.341330293303181	2.3087251636712685	2.2761785031806685	2.24369235916362	2.2112699808223826	2.178916086744063	2.1466372050439353	2.1144421053112006	2.0823423440052777	2.050352946090562	2.0184932441211965	1.9867878896528453	1.9552680380396652	1.9239726832263895	1.89295008133202	1.8622591499995997	1.831970668728457	1.8021680454957247	1.7729473780367495	1.744416551980097	1.7166932073946497	1.6899015760145988	1.6641684155149608	1.639618481958815	1.6163701106790733	1.5945314665327213	1.5741978770001126	1.5554504304010515	1.53835578583538	1.52296696704436	1.5093248279563287	1.497459875330359	1.4873941850513333	1.4791432216999043	1.4727174424094556	1.4681236230077674	1.4653658831814418
3.220602644329627	3.1855340573938937	3.1505789902730914	3.115737180701259	3.0810081343841667	3.0463911162639974	3.011885143893328	2.97748898331163	2.9432011478157794	2.9090199000021144	2.874943257430189	2.8409690022172325	2.807094694817595	2.773317692174885	2.7396351703587225	2.706044151717517	2.672541536499187	2.639124138821062	2.6057887268175515	2.5725320667707146	2.53935097104765	2.5062423497445625	2.4732032660877747	2.440230995887032	2.4073230916997646	2.374477452874979	2.3416924033360575	2.3089667798741687	2.276300034906631	2.24369235916362	2.211144831661221	2.1786596066545476	2.146240150074724	2.113891541218163	2.081620859047805	2.0494376760603883	2.0173546856217244	1.985388489818805	1.953560572355761	1.921898472071427	1.8904371536358944	1.8592205388279985	1.8283031113532981	1.7977514407848636	1.7676453945715571	1.7380787400041036	1.7091588114015879	1.6810049678175054	1.653745718114124	1.6275146341298061	1.6024454514518878	1.5786669771600563	1.556298496055076	1.5354462569645013	1.516201370503732	1.4986391536423207	1.4828197107347096	1.4687894008018143	1.4565828107132235	1.446224902343149	1.4377330874020018	1.4311190728600436	1.4263903932781214	1.4235515971271648
3.19220451492396	3.156917556760963	3.1217474495391038	3.0866943496219745	3.051758182350172	3.0169386289144247	2.982235114868679	2.9476468007258836	2.913172575099146	2.8788110508590035	2.8445605647721175	2.8104191810648382	2.776384699316395	2.7424546670299463	2.708626397156829	2.674896990762318	2.641263364924769	2.6077222858604467	2.5742704071725995	2.540904313046322	2.5076205661639865	2.4744157601153116	2.44128657614003	2.408229844190906	2.375242608565578	2.3423221987565612	2.3094663067449597	2.276673072757298	2.243941182567862	2.2112699808223826	2.1786596066545476	2.146111160141773	2.113626910974433	2.0812105641400187	2.048867601428576	2.016605721983734	1.9844354095273011	1.9523706574022792	1.9204298836432643	1.8886370643468195	1.85702310092056	1.8256274104456975	1.794499683171984	1.7637016836773993	1.7333088848866667	1.703411630675631	1.6741154527991189	1.6455401653436519	1.6178174693201226	1.59108703903211	1.5654913922236944	1.5411701673523626	1.5182546173995908	1.4968630955702442	1.4770980635706088	1.45904479775769	1.4427716337346237	1.4283313711075567	1.4157633840275414	1.4050960203757583	1.3963489703232677	1.3895353960479966	1.3846637091912095	1.3817389495279568
3.1642446453035395	3.1287271134433863	3.0933291274518875	3.0580512884939415	3.022893975724971	2.9878573291649957	2.9529412336014893	2.9181453039810714	2.883468872793159	2.8489109799828425	2.8144703659523675	2.780145468217259	2.7459344222712447	2.7118350671814273	2.6778449563800786	2.6439613740422727	2.6101813573410673	2.57650172475867	2.5429191105097018	2.509430005011314	2.4760308012274135	2.44271784663682	2.4094875005470846	2.3763361965199845	2.3432605098177857	2.310257230052357	2.27732343965871	2.244456599464229	2.211654643537808	2.178916086744063	2.146240150074724	2.113626910974433	2.0810774886223258	2.0485942775721213	2.0161812473573146	1.9838443306111182	1.9515919277199056	1.9194355614538645	1.887390719216572	1.8554779213804946	1.823724048119263	1.7921639390518014	1.7608422432831792	1.7298154354264246	1.6991538227300125	1.6689432559268518	1.6392861455774042	1.6103013221648133	1.5821223226517698	1.5548938878472862	1.5287668099339644	1.50389168989817	1.4804124945616166	1.4584608940977946	1.4381521638037653	1.4195830328605143	1.4028314234295225	1.387957695709961	1.375006865753687	1.3640112742609853	1.3549932920080925	1.347967784812963	1.3429441836246951	1.3399280939454048
